0.774902105
0.148807764
0.000290394
0.000209093
0.031499147
0.003919601
0.003491879
0.003035784
0.003472567
0.004296064
0.010331154
0.004825354
0.063498497
0.004788399
0.011481524
0.026175022
0.024287939
0.007441521
0.004692554
0.022265196
0.006771803
0.005386829
0.001638651
0.007905245
0.007303238
0.003705740
0.005188227
0.004518747
0.022419691
0.009108067
0.006240368
0.005675316
0.000188589
0.004750729
0.004730940
0.004932880
0.004867077
0.005480766
0.020909071
0.004795313
0.015191317
0.007956028
0.017038584
0.015499592
0.005696297
0.010998011
0.029258490
0.007763386
0.063384056
0.025217772
0.033521414
0.006499529
0.000127077
0.016317606
0.010578156
0.004391670
0.006581068
0.028894424
0.008904934
0.006861925
0.013087511
0.040875196
0.000243664
0.003289223
0.005221128
0.005307436
0.004988670
0.004871845
0.004761934
0.002548695
0.005238533
0.038339376
0.000120640
0.004930973
0.019366503
0.012622595
0.027244568
0.005710125
0.014642954
0.004480600
0.004999876
0.009074211
0.001829863
0.002900600
0.093726397
0.006575823
0.002721786
0.007906914
0.002765894
0.010837793
0.024142265
0.007916212
0.000132084
0.004754782
0.005060434
0.004854918
0.005464077
0.005213499
0.002910852
0.003795147
0.004451513
0.005529642
0.019796848
0.013996840
0.005723715
0.005775213
0.003009081
0.010895967
0.003225327
0.010399103
0.024509668
0.024589777
0.000125170
0.002419710
0.020653009
0.011520147
0.012634277
0.005978584
0.007165432
0.050077915
0.004595518
0.029504538
0.022331715
0.006281853
0.009633303
0.023547888
0.015714407
0.011955738
0.003797531
0.016479731
0.004440546
0.005650759
0.016560555
0.007113695
0.004712105
0.005582333
0.009519815
0.009693146
0.016509295
0.035625458
0.030518293
0.005125046
0.000195980
0.006802320
0.017669201
0.005189419
0.005217552
0.005198956
0.004990339
0.005196571
0.005465508
0.005334377
0.000125885
0.026600361
0.003449440
0.018896341
0.018740892
0.018663406
0.016583681
0.003833294
0.009564877
0.013243914
0.000127316
0.003298998
0.005412579
0.006657124
0.033529997
0.005223036
0.022290945
0.015924454
0.014281034
0.010609388
0.015056610
0.021519661
0.012207270
0.024130821
0.010877848
0.011075020
0.003955126
0.011022329
0.016415596
0.006795168
0.009491205
0.013417959
0.009083033
0.020462513
0.003979683
0.006396770
0.012053251
0.004584789
0.031614542
0.014387369
0.000156641
0.004653215
0.007661581
0.006047010
0.021364689
0.013683796
0.028848648
0.015584469
0.004528999
0.018301010
0.016695738
0.013804436
0.021883249
0.012560844
0.004888296
0.012393236
0.003144741
0.005468130
0.005022764
0.004277945
0.019163609
0.009990454
0.012679577
0.035658360
0.010567665
0.018198252
0.005021572
0.004923105
0.005226135
0.003403664
0.000125885
0.005108595
0.004767895
0.041549921
0.006800175
0.014208555
0.007318497
0.005190372
0.004527330
0.007616282
0.000118971
0.014518976
0.008578062
0.006821156
0.023708344
0.020549536
0.005434275
0.018100977
0.005660772
0.022910357
0.023266077
0.006941795
0.008540392
0.003440857
0.010666132
0.017126799
0.002654314
0.004792929
0.007166147
0.007928371
0.015910387
0.008206844
0.004998922
0.005096674
0.004882812
0.015493155
0.024337292
0.026654243
0.013476610
0.031628609
0.000122786
0.002934217
0.006580114
0.009710073
0.004977465
0.019342899
0.004724026
0.005902290
0.007130861
0.026756525
0.055039883
0.011200666
0.021910906
0.015431166
0.007222176
0.004502535
0.006480217
0.004652977
0.004729033
0.011577368
0.012969017
0.005349874
0.006580830
0.004965544
0.002552986
0.011022091
0.003374338
0.008755207
0.034171343
0.032987356
0.001982927
0.003344297
0.008431196
0.004969597
0.004932165
0.003999710
0.005061626
0.005020142
0.002670765
0.023253679
0.000132799
0.004844427
0.003173351
0.008295536
0.002619505
0.009730339
0.008760929
0.003001690
0.005501270
0.014415026
0.000910521
0.002749205
0.004823446
0.012102604
0.004850626
0.012626410
0.019465685
0.021988153
0.013342381
0.005691767
0.013611078
0.007296085
0.004662514
0.004374504
0.004794121
0.002950668
0.006435871
0.004990339
0.005798340
0.035277605
0.001395941
0.011110544
0.019669533
0.004589558
0.018538237
0.004630327
0.002861500
0.003112555
0.004282475
0.003113508
0.000119209
