0.561955452
0.086427689
0.000188589
0.000165939
0.003828764
0.001388073
0.001087666
0.001158714
0.001001596
0.001269579
0.003697157
0.018769026
0.011676311
0.005763292
0.015957832
0.023717165
0.017606020
0.000941992
0.000747681
0.009394884
0.008270264
0.006275177
0.000116587
0.019054890
0.002074480
0.005362272
0.009288788
0.006336927
0.027609110
0.017763853
0.009543180
0.001758099
0.000126839
0.000926495
0.001581907
0.000873327
0.000976562
0.006453514
0.034375429
0.001303196
0.016083717
0.005067587
0.017959356
0.014912605
0.007841110
0.009526730
0.033342123
0.006281614
0.057185173
0.024109364
0.034734011
0.004420519
0.000121117
0.015162230
0.006025076
0.001622677
0.014024496
0.030577660
0.002797604
0.008373499
0.010799408
0.050166130
0.000138998
0.000969172
0.002108335
0.000974178
0.000681400
0.001845121
0.002013445
0.001758575
0.015058279
0.043337345
0.000115633
0.000893831
0.016116858
0.015387058
0.019899607
0.004920006
0.011350870
0.004794121
0.001543283
0.008932352
0.000118256
0.001049042
0.098562956
0.002152443
0.005963087
0.003050566
0.002024651
0.016847849
0.029454708
0.003322840
0.000118732
0.000873566
0.000774384
0.001433134
0.003265858
0.006867170
0.005267143
0.013084888
0.004328251
0.002994299
0.023282766
0.015643120
0.003331900
0.005225658
0.004942179
0.011637211
0.005595922
0.072092772
0.031302929
0.016879082
0.000136137
0.000781536
0.013101101
0.011289835
0.016793489
0.005604982
0.012007952
0.047156096
0.001865387
0.039815426
0.022661448
0.003302813
0.007385969
0.023968935
0.016564131
0.013758659
0.001976252
0.019645691
0.001689672
0.005677700
0.023643970
0.002631664
0.003976583
0.004319191
0.012063980
0.006179810
0.017014265
0.041175604
0.015849829
0.004365444
0.000115871
0.008922577
0.016335011
0.002140760
0.002564907
0.012092352
0.002230167
0.001049042
0.000993490
0.001331329
0.000115395
0.054305315
0.000802517
0.016358852
0.018333912
0.025006771
0.014597178
0.000688076
0.007520676
0.013622522
0.000115156
0.001812935
0.003181696
0.010387659
0.028955221
0.009858370
0.026557446
0.015190363
0.012401819
0.011293173
0.011259556
0.023146629
0.010707378
0.022745848
0.007405043
0.008724451
0.008451700
0.016482830
0.014363289
0.003125191
0.008359909
0.018743992
0.003188610
0.022033215
0.001972437
0.003972769
0.012241840
0.002083302
0.039762020
0.010431767
0.000110149
0.000920534
0.006973267
0.007727861
0.019342422
0.014810324
0.024680138
0.012382746
0.003138304
0.015803814
0.020746708
0.017013311
0.018794775
0.008544922
0.004325390
0.014035940
0.000797749
0.003355503
0.000761986
0.016388893
0.012865543
0.005654335
0.012741804
0.034755707
0.012245655
0.018424749
0.001789331
0.001495600
0.002288103
0.000856638
0.000110865
0.000889778
0.007277727
0.051959038
0.001744509
0.019893646
0.003811598
0.002583265
0.000827789
0.011920691
0.000113010
0.010318518
0.005844831
0.004312277
0.038518190
0.012415409
0.060901642
0.033255100
0.002429485
0.022230864
0.023506403
0.005812407
0.005191326
0.002413273
0.008872986
0.021378279
0.001236439
0.003289700
0.004461288
0.010593653
0.021804333
0.015677691
0.001892567
0.003396034
0.000710964
0.017196894
0.028372288
0.027446747
0.011145830
0.031066895
0.000120163
0.000820637
0.010985613
0.005363941
0.006904364
0.016881466
0.000934362
0.007312775
0.009067059
0.030052423
0.000114918
0.001968622
0.011892319
0.018479824
0.007254124
0.002772808
0.006689310
0.007301807
0.001865387
0.012713909
0.009310007
0.003020287
0.005435467
0.000831842
0.001336098
0.018415451
0.002314329
0.009139776
0.034998655
0.033096790
0.000571251
0.002450705
0.007991552
0.001048326
0.002601385
0.000814915
0.001072168
0.000892162
0.013403654
0.029874802
0.000191450
0.000902653
0.001714706
0.014697075
0.000980139
0.003549099
0.012343407
0.006340027
0.009538412
0.014433622
0.000442028
0.001000881
0.000987768
0.010448456
0.006188393
0.012454033
0.021717310
0.021655560
0.012387037
0.003371239
0.009752750
0.005903482
0.004659414
0.002606153
0.001087666
0.000910759
0.005349874
0.008148432
0.005608320
0.042280197
0.005366325
0.011813879
0.016474009
0.000768661
0.014846802
0.001746178
0.000788212
0.001692533
0.000825167
0.000813246
0.000126839
