0.771295547
0.088997602
0.000273943
0.000165701
0.033149958
0.005280495
0.002466202
0.002365589
0.002626181
0.003163576
0.002605677
0.002658844
0.000126839
0.002611637
0.017557621
0.014325619
0.019856215
0.002578735
0.002385616
0.005860567
0.003892660
0.004308224
0.000116587
0.016035557
0.003838301
0.003575325
0.007342577
0.008038282
0.027677536
0.018852711
0.007272959
0.005039454
0.000115871
0.002275944
0.003681183
0.002529383
0.002531290
0.005687475
0.034269333
0.002657890
0.006069660
0.006448746
0.021454096
0.013768435
0.003980875
0.004899025
0.032586813
0.007290363
0.064704418
0.023082733
0.034890652
0.003690720
0.000119925
0.015117645
0.007486343
0.002320051
0.009828329
0.029857635
0.008913755
0.008001804
0.005104780
0.045230865
0.000119448
0.002329826
0.002433538
0.004076242
0.002195358
0.003586054
0.002861977
0.002238750
0.008975983
0.038899660
0.000118494
0.003147602
0.018662691
0.014727592
0.028037071
0.002641916
0.012240171
0.003858566
0.003474951
0.007824659
0.000109911
0.002441883
0.102572680
0.003416300
0.003618002
0.004586458
0.002473831
0.011156082
0.020187140
0.005200148
0.000115156
0.002325296
0.002411366
0.002412796
0.002891541
0.007668257
0.003748655
0.006287575
0.005317688
0.005068302
0.021822691
0.015459776
0.005082130
0.006513596
0.003838778
0.013321877
0.007015944
0.013699293
0.022518158
0.020481586
0.000150681
0.002189875
0.015555620
0.010529995
0.015714645
0.007431746
0.011001348
0.042585373
0.054752827
0.045395613
0.028109550
0.003541231
0.007010698
0.021479845
0.016683340
0.014597416
0.002274752
0.012565136
0.002654552
0.005068779
0.014634848
0.005429029
0.003695011
0.006806850
0.006071568
0.009190321
0.015955687
0.040761709
0.016487122
0.004483461
0.000126362
0.010852814
0.011336803
0.002623558
0.003835440
0.006454229
0.002621412
0.002440691
0.002489090
0.002220631
0.000108004
0.047216892
0.002460718
0.013755322
0.017105103
0.017276525
0.016810179
0.002317667
0.009754181
0.012189627
0.000108004
0.003473997
0.003533363
0.021526814
0.019164801
0.005352497
0.024741173
0.014749527
0.014817476
0.009286165
0.012520313
0.019182205
0.010236979
0.019946098
0.008040190
0.009214163
0.007239580
0.011178255
0.016269445
0.004884243
0.008696795
0.015654325
0.007327080
0.021635056
0.002506018
0.005001307
0.011918783
0.002856970
0.039541721
0.010535002
0.000106335
0.002857685
0.005807877
0.006412268
0.015610456
0.014931679
0.030064344
0.013612032
0.002567053
0.020530939
0.022039413
0.013503313
0.020567656
0.010208607
0.002417803
0.012351513
0.002331018
0.002677917
0.002247572
0.006208897
0.014168262
0.007502079
0.012307882
0.033798933
0.012479544
0.012979746
0.003322124
0.002178907
0.002896309
0.002392292
0.000488758
0.001988411
0.002306461
0.054197073
0.002490282
0.013376236
0.005829334
0.002152681
0.002012730
0.011086941
0.000109434
0.011644840
0.007697582
0.002968311
0.031478882
0.022178173
0.002746344
0.016850710
0.002465248
0.019530296
0.024182558
0.007391691
0.007276058
0.003228188
0.007590771
0.018635273
0.002297640
0.004790545
0.007359505
0.007054090
0.021848679
0.007652998
0.005316734
0.003262043
0.002246857
0.013356209
0.017012119
0.031691074
0.012602568
0.033190727
0.000113249
0.002241373
0.005724907
0.007426023
0.010037422
0.017026663
0.002384424
0.005449295
0.006241798
0.029468536
0.000109911
0.003909826
0.016603947
0.014011860
0.004770756
0.002411842
0.006192684
0.003002644
0.003126860
0.008311510
0.005596161
0.005564928
0.004471779
0.002993107
0.002482653
0.013089180
0.002264261
0.018703938
0.022244453
0.037470579
0.000112534
0.003613949
0.008462906
0.002414942
0.002788782
0.002366781
0.002373457
0.002176523
0.002102137
0.019000769
0.000114918
0.002453089
0.002698183
0.008859396
0.002212286
0.003841639
0.008615255
0.003660679
0.011343479
0.013551474
0.000112772
0.002256632
0.002501488
0.008184910
0.005551815
0.016924381
0.013489962
0.020083427
0.009351969
0.003718138
0.011788845
0.006540060
0.008030891
0.006377697
0.003194809
0.002281666
0.008925200
0.009217978
0.007056713
0.043847561
0.007038355
0.013768911
0.024508715
0.002737284
0.013047457
0.004599810
0.002441645
0.002859592
0.002821207
0.002751589
0.000166893
