0.487846613
0.090028524
0.000145912
0.000189304
0.000142813
0.000143051
0.000128031
0.000144958
0.000132084
0.000140667
0.000131607
0.006771564
0.011690378
0.003036499
0.021465302
0.022287846
0.022193432
0.000139475
0.000137329
0.018143654
0.005658388
0.002915144
0.000107288
0.027037382
0.004004717
0.005513430
0.010190248
0.010529995
0.033390522
0.012726068
0.014854908
0.007202864
0.034160376
0.000132322
0.006925821
0.005810738
0.000136614
0.021798611
0.026174307
0.001830578
0.018554926
0.008569002
0.025094032
0.010168076
0.010579109
0.014308691
0.031533003
0.005308628
0.061723709
0.027598143
0.041563749
0.000154257
0.000206232
0.025908232
0.002174377
0.000887156
0.013978004
0.032215118
0.002917290
0.013857841
0.046406507
0.050493240
0.000106335
0.000155449
0.003067732
0.000819206
0.001312256
0.013663054
0.008870363
0.000191689
0.024910927
0.039004564
0.000498533
0.004744053
0.028057337
0.010357380
0.029195786
0.001091957
0.015278816
0.008724689
0.006137133
0.013654709
0.005841017
0.000141859
0.095699549
0.010091305
0.001535892
0.009979486
0.005306959
0.070814848
0.024923801
0.000629663
0.000115156
0.002423763
0.000146866
0.004767179
0.010633707
0.008070469
0.007062912
0.014618158
0.002463579
0.008714676
0.027678490
0.017383575
0.010002613
0.007844925
0.004559994
0.013022900
0.007431030
0.015633583
0.031924486
0.021310568
0.000107050
0.000151873
0.015922308
0.021215916
0.018932104
0.049831152
0.016977787
0.047475100
0.000144958
0.039045095
0.029904604
0.002040863
0.011066437
0.009616137
0.024466515
0.019013882
0.000174046
0.037792683
0.007445097
0.004411221
0.026263237
0.005284548
0.006985188
0.010996819
0.040441990
0.008222818
0.017779112
0.040931225
0.026017189
0.004722834
0.001982450
0.013283491
0.023679256
0.000139475
0.000164509
0.011374950
0.003229856
0.000130892
0.004347324
0.002390146
0.009037018
0.182525873
0.000145197
0.021395683
0.015493393
0.023911953
0.013239622
0.000129700
0.023395300
0.022931814
0.000114918
0.000131845
0.001626968
0.021401644
0.033869267
0.005777121
0.028667450
0.022300959
0.014046669
0.009683132
0.001929760
0.032861471
0.014563322
0.030569792
0.006736279
0.012713194
0.008143663
0.023211718
0.007774591
0.004697323
0.018209219
0.013093472
0.005779028
0.027178288
0.000133038
0.029600859
0.016040087
0.001934290
0.039805174
0.015862465
0.000106335
0.000136137
0.012651920
0.005777359
0.033205509
0.015754461
0.029966116
0.010807514
0.005664349
0.029832602
0.020289660
0.011126280
0.028578043
0.007167578
0.007653952
0.016554832
0.000154734
0.009049177
0.000152588
0.016291618
0.029572487
0.004993200
0.014999628
0.078796864
0.008717537
0.021074533
0.000138044
0.000146627
0.006795883
0.000138283
0.010419369
0.000150204
0.011740923
0.057445288
0.000145435
0.031192303
0.000148058
0.000778675
0.003070354
0.031771898
0.000150204
0.025357485
0.001066685
0.004444361
0.037536621
0.021222353
0.000134468
0.025561571
0.000175714
0.019879580
0.032134295
0.004740953
0.028332949
0.013482332
0.013055801
0.024545193
0.000186443
0.001797438
0.017115593
0.008183718
0.023254395
0.006064892
0.003063202
0.007752180
0.000160933
0.031056643
0.025044441
0.027481318
0.002125025
0.038721800
0.000124216
0.000152826
0.033260822
0.000138283
0.002728701
0.013435841
0.002597094
0.010144949
0.019231081
0.119315863
0.000121593
0.000134706
0.000138760
0.004383564
0.008010626
0.000140190
0.008001089
0.005124092
0.004295826
0.021772146
0.010509491
0.000147104
0.005239725
0.000148773
0.004797459
0.022876978
0.000154257
0.019965887
0.034965992
0.043422222
0.000912428
0.000152111
0.013623476
0.000157118
0.005132198
0.002671003
0.000361204
0.000139475
0.020839930
0.030134201
0.000117064
0.000158548
0.000149727
0.021241188
0.000143528
0.009130478
0.021313190
0.001133680
0.014881611
0.020020723
0.004415512
0.000140667
0.000162840
0.016254187
0.008034229
0.018339157
0.024613380
0.014284134
0.012585640
0.008363962
0.011869431
0.006019354
0.012014389
0.000408649
0.004253626
0.000141621
0.058222532
0.044076204
0.015210152
0.046383619
0.009369373
0.009863615
0.018960476
0.000258684
0.024442434
0.000158310
0.000134945
0.000125170
0.000134468
0.000125885
0.000105381
