0.000040054
0.000002623
0.000004292
0.000011444
0.000002384
0.000010729
0.000014782
0.000019073
0.000015020
0.000016212
0.000023603
0.000027180
0.000018358
0.000018597
0.000021458
0.000018597
0.000018358
0.000019073
0.000019550
0.000018120
0.000013113
0.000018835
0.000017405
0.000025272
0.000015497
0.000016689
0.000014305
0.000015497
0.000018358
0.000012875
0.000021935
0.000025511
0.000018835
0.000021935
0.000017166
0.000019073
0.000018835
0.000018597
0.000019789
0.000020504
0.000015259
0.000018597
0.000020981
0.000027418
0.000019550
0.000025988
0.000018358
0.000015497
0.000017643
0.000017881
0.000019789
0.000027895
0.000019789
0.000040770
0.000016451
0.000035763
0.000018835
0.000035763
0.000019073
0.000015020
0.000040531
0.000013590
0.000015974
0.000015020
0.000015020
0.000011683
0.000015497
0.000015259
0.000010967
0.000012159
0.000010252
0.000011921
0.000026941
0.000017881
0.000010014
0.000045061
0.000013590
0.000012159
0.000011206
0.000016451
0.000014305
0.000011683
0.000014305
0.000012636
0.000010729
0.000014305
0.000011683
0.000010729
0.000011921
0.000014782
0.000010729
0.000011921
0.000017881
0.000023603
0.000018835
0.000012159
0.000010252
0.000012398
0.000015020
0.000012159
0.000011206
0.000010729
0.000031710
0.000012398
0.000011206
0.000016212
0.000010729
0.000011444
0.000017881
0.000014782
0.000011206
0.000013113
0.000011921
0.000013113
0.000014782
0.000020504
0.000010729
0.000017881
0.000010252
0.000013113
0.000042439
0.000011921
0.000012159
0.000011683
0.000010729
0.000010490
0.000010967
0.000010967
0.000010729
0.000016689
0.000018120
0.000013113
0.000013590
0.000020981
0.000017881
0.000017881
0.000010490
0.000010252
0.000014067
0.000011683
0.000013351
0.000012398
0.000011444
0.000015259
0.000017643
0.000011683
0.000012875
0.000017643
0.000025749
0.000010967
0.000023603
0.000011921
0.000017643
0.000011683
0.000016451
0.000011444
0.000011444
0.000016689
0.000011683
0.000019073
0.000017166
0.000011444
0.000011206
0.000017166
0.000015974
0.000013590
0.000011206
0.000011683
0.000009775
0.000016451
0.000011206
0.000010252
0.000014544
0.000011921
0.000011921
0.000012159
0.000010967
0.000011206
0.000010729
0.000011921
0.000016451
0.000013351
0.000010252
0.000011444
0.000015974
0.000013828
0.000011683
0.000010967
0.000023365
0.000015497
0.000012636
0.000013113
0.000011683
0.000018120
0.000013828
0.000017643
0.000023603
0.000023842
0.000012159
0.000020981
0.000014544
0.000020504
0.000014782
0.000021696
0.000015736
0.000017881
0.000014067
0.000020981
0.000013113
0.000019312
0.000014782
0.000021696
0.000015497
0.000013351
0.000012636
0.000033379
0.000013590
0.000024796
0.000015736
0.000012636
0.000026703
0.000015736
0.000014544
0.000018358
0.000024557
0.000017166
0.000018358
0.000016928
0.000015974
0.000016928
0.000030518
0.000015020
0.000016689
0.000021219
0.000015020
0.000013828
0.000013590
0.000018120
0.000012159
0.000013351
0.000014067
0.000020981
0.000034094
0.000020981
0.000012636
0.000021935
0.000018358
0.000021458
0.000020981
0.000013113
0.000012159
0.000015497
0.000012875
0.000013590
0.000013590
0.000013828
0.000022411
0.000023603
0.000017643
0.000019073
0.000012875
0.000016451
0.000019550
0.000012636
0.000012636
0.000013828
0.000029564
0.000016928
0.000032902
0.000015259
0.000022411
0.000013590
0.000014067
0.000015974
0.000020266
0.000013351
0.000028372
0.000017881
0.000020981
0.000016451
0.000023127
0.000017881
0.000017405
0.000023842
0.000015497
0.000019789
0.000017405
0.000013351
0.000022888
0.000021935
0.000026464
0.000019073
0.000013828
0.000016451
0.000012159
0.000012875
0.000017405
0.000012398
0.000023603
0.000018597
0.000016689
0.000014305
0.000020742
0.000027418
0.000038862
0.000016212
0.000018120
0.000028372
0.000016212
0.000014544
0.000015259
0.000014782
0.000013113
0.000013828
0.000014544
0.000013113
0.000022411
0.000028849
0.000022173
0.000028372
0.000013590
0.000012636
0.000013351
0.000022411
0.000041962
0.000023365
0.000018358
0.000014067
0.000013351
0.000013351
0.000021458
0.000026226
0.000029325
0.000025988
0.000014544
0.000035048
0.000021696
0.000028133
0.000032902
0.000012636
0.000019550
0.000018358
0.000015020
0.000013828
0.000019550
0.000014782
0.000019073
0.000040054
0.000007868
0.000015259
0.000002384
0.000018358
0.000002861
0.000031471
0.000008345
0.000021219
0.000002384
0.000018597
0.000002623
0.000034571
0.000006914
0.000037909
0.000007153
0.000020266
0.000003099
0.000081062
0.000002623
0.000018358
0.000002384
0.000021458
0.000003099
0.000019312
0.000002384
0.000019550
0.000003338
0.000018358
0.000015497
0.000002384
0.000008583
0.000017405
0.000002861
0.000035524
0.000015736
0.000002146
0.000006914
0.000017643
0.000002623
0.000019550
0.000003576
0.000021219
0.000003099
0.000020504
0.000007868
0.000010252
0.000015020
0.000002146
0.000010014
0.000058174
0.000007391
0.000028372
0.000015020
0.000002384
0.000011206
0.000025272
0.000013351
0.000020981
0.000014782
0.000010014
0.000010490
0.000012636
0.000010252
0.000025988
0.000010014
0.000011206
0.000009060
0.000011921
0.000012159
0.000015259
0.000017405
0.000017643
0.000014544
0.000013590
0.000020027
0.000023127
0.000003338
0.000012636
0.000014544
0.000002623
0.000012636
0.000041723
0.000002384
0.000010729
0.000013828
0.000002384
0.000010252
0.000019312
0.000003338
0.000019073
0.000016689
0.000002861
0.000013351
0.000035286
0.000016212
0.000002384
0.000012398
0.000016689
0.000002861
0.000009775
0.000036955
0.000016451
0.000017643
0.000013351
0.000031710
0.000015259
0.000016689
0.000013113
0.000014544
0.000020981
0.000017643
0.000018358
0.000018358
0.000013590
0.000016212
0.000020504
0.000020266
0.000015736
0.000017405
0.000017166
0.000012875
0.000018120
0.000016928
0.000018120
0.000018120
0.000021935
0.000031233
0.000007629
0.000012398
0.000002623
0.000014544
0.000002384
0.000017881
0.000002861
0.000039339
0.000009537
0.000037432
0.000002623
0.000036955
0.000009537
0.000017881
0.000003815
0.000020504
0.000003338
0.000022173
0.000010252
0.000022173
0.000003338
0.000020504
0.000002146
0.000037193
0.000003099
0.000020504
0.000003338
0.000026464
0.000015497
0.000003099
0.000011444
0.000014305
0.000019789
0.000025749
0.000018120
0.000020504
0.000019073
0.000018597
0.000018358
0.000018358
0.000018835
0.000012875
0.000026464
0.000027180
0.000017643
0.000017881
0.000014782
0.000018120
0.000017405
0.000018597
0.000018120
0.000013351
0.000014544
0.000020742
0.000014067
0.000003099
0.000011206
0.000015259
0.000002623
0.000005722
0.000014305
0.000015974
0.000017643
0.000015020
0.000015497
0.000014782
0.000013590
0.000018597
0.000015974
0.000015974
0.000014782
0.000016928
0.000015497
0.000014544
0.000014782
0.000021458
0.000015259
0.000016689
0.000016451
0.000018835
0.000013828
0.000014305
0.000020504
0.000014305
0.000015497
0.000015974
0.000014305
0.000017405
0.000014544
0.000013828
0.000014544
0.000014544
0.000013351
0.000014305
0.000015736
0.000014782
0.000015020
0.000034571
0.000008106
0.000006914
0.000019550
0.000002146
0.000010967
0.000027895
0.000014544
0.000015020
0.000016212
0.000012398
0.000023603
0.000019550
0.000018835
0.000014782
0.000015974
0.000012398
0.000013113
0.000016212
0.000015974
0.000015497
0.000013828
0.000012875
0.000013113
0.000018597
0.000016212
0.000013828
0.000024080
0.000013828
0.000013590
0.000025511
0.000012875
0.000012875
0.000013590
0.000013351
0.000017405
0.000013590
0.000012398
0.000020742
0.000021696
0.000014067
0.000016689
0.000022411
0.000015974
0.000023127
0.000015974
0.000011921
0.000016928
0.000015974
0.000017643
0.000014305
0.000013113
0.000015020
0.000015497
0.000013828
0.000018358
0.000015974
0.000015974
0.000017881
0.000015736
0.000015259
0.000013828
0.000020981
0.000015497
0.000013590
0.000013828
0.000017166
0.000016689
0.000014067
0.000016689
0.000018835
0.000015974
0.000017166
0.000016212
0.000012398
0.000013590
0.000017405
0.000015497
0.000023127
0.000014067
0.000014544
0.000016928
0.000015497
0.000018120
0.000020027
0.000013113
0.000012875
0.000018597
0.000014305
0.000019073
0.000013828
0.000015497
0.000017643
0.000002623
0.000010252
0.000017643
0.000001907
0.000005007
0.000012875
0.000016451
0.000013828
0.000012159
0.000011444
0.000010967
0.000013113
0.000010490
0.000011683
0.000011921
0.000009775
0.000017166
0.000012398
0.000013828
0.000017405
0.000017405
0.000016928
0.000016928
0.000017166
0.000018120
0.000015974
0.000022411
0.000025034
0.000017643
0.000013351
0.000002623
0.000010014
0.000014067
0.000002146
0.000005245
0.000014067
0.000008583
0.000017881
0.000025511
0.000019073
0.000024557
0.000018835
0.000018358
0.000016451
0.000021458
0.000027418
0.000019550
0.000005722
0.000011683
0.000023127
0.000018835
0.000017881
0.000022888
0.000017881
0.000017405
0.000017405
0.000018835
0.000018835
0.000025749
0.000018835
0.000008583
0.000023603
0.000017881
0.000018835
0.000018358
0.000016689
0.000019312
0.000018120
0.000022650
0.000016451
0.000017643
0.000018835
0.000023842
0.000021696
0.000008821
0.000014067
0.000021219
0.000019073
0.000018597
0.000019789
0.000008345
0.000013113
0.000010729
0.000008345
0.000018597
0.000005960
0.000017643
0.000024796
0.000021219
0.000016689
0.000020504
0.000018597
0.000017881
0.000008345
0.000012159
0.000018597
0.000020027
0.000019789
0.000017881
