0.000027180
0.000011444
0.000036240
0.000030994
0.000011444
0.000046730
0.000053167
0.000018120
0.000019312
0.000011921
0.000011444
0.000011921
0.000011206
0.000011444
0.000011921
0.000015259
0.000012636
0.000011444
0.000040770
0.000039339
0.000044823
0.000011444
0.000011921
0.000038147
0.000012159
0.000022411
0.000011683
0.000045776
0.000016689
0.000013351
0.000011921
0.000041723
0.000037670
0.000051975
0.000054836
0.000013828
0.000012398
0.000012398
0.000012398
0.000011683
0.000011444
0.000016212
0.000020981
0.000012159
0.000038862
0.000012398
0.000049114
0.000026464
0.000039101
0.000038624
0.000038624
0.000040770
0.000045061
0.000040770
0.000038147
0.000011921
0.000011206
0.000037193
0.000012398
0.000011683
0.000053644
0.000039816
0.000011683
0.000016928
0.000015974
0.000046730
0.000012636
0.000011206
0.000013351
0.000011921
0.000012159
0.000038147
0.000012398
0.000011921
0.000038862
0.000038385
0.000011683
0.000023127
0.000046968
0.000050306
0.000037670
0.000012159
0.000051022
0.000011921
0.000011921
0.000042915
0.000011921
0.000011444
0.000039577
0.000015736
0.000011683
0.000020742
0.000012159
0.000020266
0.000037670
0.000017643
0.000012875
0.000011444
0.000012159
0.000011921
0.000015020
0.000015974
0.000011683
0.000037193
0.000037670
0.000036478
0.000038147
0.000046730
0.000015020
0.000036478
0.000011206
0.000036240
0.000038147
0.000036955
0.000039577
0.000015020
0.000024557
0.000011444
0.000036478
0.000047445
0.000036001
0.000037432
0.000036240
0.000036478
0.000010490
0.000047207
0.000050783
0.000011206
0.000046015
0.000050306
0.000040293
0.000036716
0.000014782
0.000042915
0.000010729
0.000025749
0.000036240
0.000029564
0.000051975
0.000015259
0.000036240
0.000036955
0.000035286
0.000037432
0.000036955
0.000010729
0.000011444
0.000036955
0.000048161
0.000010252
0.000034094
0.000032425
0.000010967
0.000034332
0.000034809
0.000034332
0.000035763
0.000047207
0.000014305
0.000045300
0.000035286
0.000050545
0.000043154
0.000010967
0.000035763
0.000035286
0.000035048
0.000034571
0.000010490
0.000010252
0.000046730
0.000010490
0.000046730
0.000041008
0.000025749
0.000010490
0.000035524
0.000034809
0.000014782
0.000051260
0.000036001
0.000010729
0.000034571
0.000013828
0.000040531
0.000017881
0.000048399
0.000034809
0.000035048
0.000046492
0.000011206
0.000051260
0.000034094
0.000010490
0.000060320
0.000035763
0.000010490
0.000010490
0.000034809
0.000010967
0.000035286
0.000054121
0.000047922
0.000010490
0.000010967
0.000035763
0.000036716
0.000035524
0.000034094
0.000010729
0.000036240
0.000053406
0.000010014
0.000045776
0.000010729
0.000033379
0.000013590
0.000035524
0.000014782
0.000010252
0.000014067
0.000010729
0.000019789
0.000010729
0.000011206
0.000010252
0.000024557
0.000010490
0.000035286
0.000012398
0.000011683
0.000010490
0.000013351
0.000010729
0.000010490
0.000011206
0.000010729
0.000043154
0.000021219
0.000010252
0.000014305
0.000036001
0.000012159
0.000051260
0.000036478
0.000018358
0.000054836
0.000017643
0.000049829
0.000027895
0.000011444
0.000035286
0.000010967
0.000010967
0.000034571
0.000010252
0.000019073
0.000025511
0.000011921
0.000034571
0.000010967
0.000035286
0.000011206
0.000013590
0.000036716
0.000020742
0.000050068
0.000009537
0.000013828
0.000019789
0.000034809
0.000034571
0.000024080
0.000025511
0.000014782
0.000026703
0.000010490
0.000010729
0.000075102
0.000019312
0.000045538
0.000010967
0.000019789
0.000011444
0.000022173
0.000020981
0.000010967
0.000010252
0.000010967
0.000010490
0.000019550
0.000019312
0.000031710
0.000029564
0.000010490
0.000010967
0.000010252
0.000010967
0.000062704
0.000010252
0.000012159
0.000010729
0.000010967
0.000010729
0.000025749
0.000011206
0.000011206
0.000010014
0.000010729
0.000011683
0.000011206
0.000034809
0.000018597
0.000010967
0.000011444
0.000047922
0.000020504
0.000010252
0.000010490
0.000047207
0.000010729
0.000010490
0.000014067
0.000014067
0.000018358
0.000010490
0.000014544
0.000010729
0.000011444
0.000010729
0.000023365
0.000010967
0.000037193
0.000032187
0.000029564
0.000013828
0.000014782
0.000019312
0.000012159
0.000010490
0.000059366
0.000010967
0.000016689
0.000016689
0.000015736
0.000016451
0.000015974
