0.000078917
0.000013828
0.000026464
0.000043869
0.000013828
0.000051022
0.000069618
0.000016451
0.000016212
0.000051498
0.000052691
0.000016212
0.000047922
0.000052214
0.000016212
0.000051022
0.000052214
0.000015974
0.000052691
0.000051737
0.000052214
0.000015736
0.000016212
0.000051498
0.000052214
0.000064135
0.000015497
0.000051498
0.000016212
0.000015736
0.000051260
0.000015736
0.000052929
0.000051737
0.000053406
0.000015736
0.000016212
0.000026464
0.000016689
0.000036001
0.000015497
0.000015497
0.000051260
0.000015259
0.000052691
0.000017405
0.000052691
0.000050783
0.000056267
0.000052691
0.000052691
0.000016689
0.000055552
0.000051498
0.000054598
0.000019789
0.000015974
0.000061274
0.000019312
0.000016451
0.000036716
0.000052929
0.000050545
0.000054359
0.000032425
0.000064135
0.000017643
0.000016212
0.000021696
0.000016928
0.000015497
0.000035286
0.000034571
0.000015497
0.000051975
0.000051975
0.000015497
0.000015974
0.000052214
0.000051498
0.000052691
0.000039339
0.000052214
0.000016451
0.000016451
0.000047207
0.000015497
0.000016689
0.000051975
0.000015736
0.000051975
0.000035048
0.000015736
0.000065327
0.000050783
0.000036478
0.000016212
0.000015974
0.000016928
0.000032663
0.000016212
0.000016212
0.000016451
0.000033140
0.000016212
0.000016212
0.000051498
0.000052929
0.000015736
0.000015736
0.000015974
0.000051498
0.000015974
0.000051737
0.000022173
0.000052929
0.000028372
0.000016212
0.000052214
0.000050306
0.000051737
0.000046968
0.000051260
0.000053167
0.000016212
0.000052691
0.000052691
0.000035763
0.000020027
0.000052214
0.000052929
0.000050306
0.000015974
0.000052214
0.000036240
0.000051498
0.000051737
0.000037193
0.000034332
0.000051498
0.000043154
0.000015736
0.000050545
0.000051498
0.000051260
0.000034571
0.000015974
0.000042439
0.000022888
0.000058651
0.000037909
0.000021696
0.000020027
0.000015497
0.000015974
0.000015259
0.000015736
0.000020504
0.000015020
0.000050306
0.000048399
0.000020027
0.000051737
0.000015736
0.000045061
0.000050545
0.000014782
0.000020742
0.000039101
0.000050783
0.000020266
0.000015259
0.000050068
0.000049353
0.000049591
0.000038385
0.000050068
0.000050783
0.000020027
0.000051498
0.000041723
0.000041962
0.000015974
0.000050068
0.000050068
0.000015974
0.000019550
0.000050306
0.000015497
0.000020981
0.000015974
0.000015259
0.000041962
0.000015736
0.000022411
0.000049829
0.000015974
0.000016689
0.000050783
0.000045776
0.000050783
0.000050306
0.000049829
0.000050306
0.000015497
0.000050068
0.000049829
0.000051260
0.000070572
0.000021219
0.000016451
0.000049829
0.000015974
0.000015736
0.000015974
0.000050306
0.000049353
0.000049591
0.000017643
0.000020504
0.000049591
0.000026464
0.000015497
0.000015736
0.000015497
0.000015736
0.000015736
0.000036240
0.000050068
0.000020742
0.000015974
0.000050306
0.000050306
0.000033617
0.000015736
0.000050545
0.000015497
0.000049591
0.000015736
0.000015020
0.000021935
0.000020981
0.000016451
0.000049114
0.000048876
0.000050068
0.000021935
0.000049829
0.000042200
0.000041723
0.000049829
0.000051498
0.000015020
0.000042200
0.000038385
0.000046253
0.000050068
0.000015974
0.000017166
0.000016212
0.000015020
0.000050306
0.000021696
0.000050068
0.000049829
0.000021935
0.000016212
0.000015974
0.000038624
0.000015497
0.000015974
0.000051498
0.000015974
0.000036716
0.000016212
0.000020981
0.000017405
0.000050783
0.000050783
0.000050068
0.000046253
0.000036001
0.000050306
0.000015974
0.000015259
0.000050783
0.000049353
0.000035763
0.000051975
0.000015497
0.000015736
0.000050545
0.000015736
0.000016212
0.000020742
0.000049829
0.000015497
0.000015736
0.000015497
0.000015497
0.000016212
0.000031948
0.000015736
0.000015497
0.000051498
0.000050545
0.000016451
0.000015497
0.000016212
0.000050545
0.000015974
0.000015497
0.000020266
0.000040531
0.000049829
0.000020027
0.000041246
0.000015736
0.000015974
0.000052214
0.000041962
0.000049591
0.000020742
0.000050068
0.000021696
0.000015974
0.000051498
0.000015259
0.000015497
0.000015497
0.000016212
0.000015736
0.000020504
0.000050783
0.000041485
0.000020981
0.000015736
0.000049353
0.000051975
0.000037432
0.000050783
0.000016451
0.000032663
0.000015974
0.000015974
0.000015736
0.000065327
