0.000027418
0.000013828
0.000051498
0.000042200
0.000022650
0.000068188
0.000047684
0.000022888
0.000022888
0.000021935
0.000020981
0.000070095
0.000025988
0.000069141
0.000070333
0.000026464
0.000069618
0.000021935
0.000070333
0.000038862
0.000086784
0.000026226
0.000021935
0.000029087
0.000075579
0.000325918
0.000022411
0.000087500
0.000021935
0.000025034
0.000023127
0.000021458
0.000070095
0.000068426
0.000022888
0.000021219
0.000021935
0.000021458
0.000022411
0.000021935
0.000022650
0.000021696
0.000070333
0.000020742
0.000029087
0.000047207
0.000073910
0.000029087
0.000021219
0.000069380
0.000071049
0.000057936
0.000027657
0.000070095
0.000028372
0.000078440
0.000021696
0.000069857
0.000058413
0.000020981
0.000022411
0.000069380
0.000021935
0.000063896
0.000072002
0.000048399
0.000029802
0.000030756
0.000068188
0.000022411
0.000059366
0.000021458
0.000021696
0.000023127
0.000022173
0.000040770
0.000022173
0.000022173
0.000069141
0.000068426
0.000070810
0.000021696
0.000072956
0.000021935
0.000021696
0.000046492
0.000022173
0.000021219
0.000083685
0.000026464
0.000088930
0.000057936
0.000021219
0.000027657
0.000068903
0.000023127
0.000041723
0.000022888
0.000023127
0.000021935
0.000022650
0.000021219
0.000022888
0.000069380
0.000069380
0.000044346
0.000071287
0.000069618
0.000025272
0.000021458
0.000022888
0.000021935
0.000021696
0.000027657
0.000024796
0.000027657
0.000023842
0.000022173
0.000068665
0.000062943
0.000068426
0.000020981
0.000033379
0.000040293
0.000020981
0.000056505
0.000068426
0.000020981
0.000022173
0.000020266
0.000025511
0.000090837
0.000021458
0.000087500
0.000022173
0.000020742
0.000039816
0.000087500
0.000021696
0.000036478
0.000021219
0.000037670
0.000021458
0.000020981
0.000021219
0.000022650
0.000021696
0.000040770
0.000021935
0.000022411
0.000020504
0.000024080
0.000124454
0.000023842
0.000064850
0.000024557
0.000020742
0.000080824
0.000021696
0.000072718
0.000085115
0.000020742
0.000091553
0.000020504
0.000020027
0.000079155
0.000027180
0.000022173
0.000020504
0.000068426
0.000021458
0.000020742
0.000038862
0.000067949
0.000038147
0.000022173
0.000027895
0.000045538
0.000067711
0.000068426
0.000048637
0.000022173
0.000021219
0.000067472
0.000068426
0.000021696
0.000069618
0.000067472
0.000068188
0.000067949
0.000027418
0.000021935
0.000025034
0.000023365
0.000040293
0.000071526
0.000021696
0.000022173
0.000021458
0.000020981
0.000068426
0.000067711
0.000038147
0.000091076
0.000020981
0.000068188
0.000067472
0.000068903
0.000067711
0.000068426
0.000021458
0.000030756
0.000025988
0.000028133
0.000020981
0.000027180
0.000068426
0.000034571
0.000043392
0.000068665
0.000020981
0.000073671
0.000023842
0.000196218
0.000023127
0.000021696
0.000022173
0.000060797
0.000021935
0.000084400
0.000021219
0.000067711
0.000021219
0.000026703
0.000021696
0.000024080
0.000021935
0.000030518
0.000026941
0.000021219
0.000068903
0.000069380
0.000020504
0.000089169
0.000021696
0.000024319
0.000067711
0.000022173
0.000029325
0.000021935
0.000022650
0.000145912
0.000027895
0.000020504
0.000039101
0.000053406
0.000067711
0.000069618
0.000026941
0.000098228
0.000020981
0.000039577
0.000067711
0.000067472
0.000067711
0.000092745
0.000021219
0.000020981
0.000020981
0.000027895
0.000042915
0.000024319
0.000022650
0.000051975
0.000067472
0.000068426
0.000021458
0.000067472
0.000069380
0.000066519
0.000068188
0.000022173
0.000023127
0.000090361
0.000022650
0.000027418
0.000028610
0.000022173
0.000092268
0.000029802
0.000024080
0.000040293
0.000028372
0.000021219
0.000093699
0.000028133
0.000021219
0.000021458
0.000030041
0.000022411
0.000073195
0.000067949
0.000023842
0.000020981
0.000066280
0.000038147
0.000020981
0.000025034
0.000020266
0.000029325
0.000021458
0.000022650
0.000069380
0.000021458
0.000022173
0.000021219
0.000021935
0.000021935
0.000024319
0.000021696
0.000049829
0.000029564
0.000071287
0.000093222
0.000046492
0.000021696
0.000021696
0.000046015
0.000031233
0.000067949
0.000021935
0.000021219
0.000020742
0.000058413
0.000020027
0.000068188
0.000068188
0.000040531
0.000029325
0.000020504
0.000029564
0.000070095
0.000049114
0.000021935
0.000053167
0.000076294
0.000022173
