0.000036240
0.000041962
0.000068903
0.000056028
0.000025988
0.000075579
0.000033140
0.000041962
0.000100374
0.000261307
0.000056982
0.000060558
0.000074148
0.000041246
0.000036240
0.000077009
0.000039577
0.000015736
0.000073910
0.000042915
0.000024319
0.000077248
0.000032187
0.000031948
0.000103474
0.000039101
0.000024319
0.000077963
0.000039577
0.000083923
0.000081539
0.000042200
0.000077248
0.000025988
0.000079155
0.000043631
0.000220537
0.000052691
0.000026464
0.000046253
0.000037432
0.000043869
0.000028133
0.000106812
0.000049829
0.000111580
0.000040531
0.000025272
0.000081301
0.000086784
0.000026226
0.000025511
0.000042439
0.000042200
0.000098467
0.000037432
0.000037432
0.000025034
0.000081539
0.000025988
0.000035524
0.000055075
0.000131845
0.000033855
0.000025272
0.000077248
0.000078201
0.000071764
0.000037909
0.000081778
0.000051022
0.000064135
0.000025511
0.000081539
0.000092268
0.000025272
0.000024796
0.000106573
0.000025272
0.000070333
0.000078678
0.000061750
0.000036955
0.000097990
0.000051260
0.000033855
0.000056744
0.000052214
0.000053883
0.000031948
0.000026703
0.000041723
0.000039101
0.000025034
0.000082016
0.000083923
0.000082493
0.000025511
0.000111103
0.000052929
0.000024080
0.000054121
0.000051737
0.000025749
0.000155449
0.000041962
0.000047922
0.000118256
0.000025511
0.000030756
0.000087023
0.000096560
0.000049829
0.000128984
0.000049114
0.000048637
0.000049591
0.000060320
0.000047445
0.000077724
0.000076771
0.000049591
0.000116348
0.000082731
0.000054359
0.000023127
0.000057697
0.000025988
0.000025988
0.000037670
0.000101328
0.000032187
0.000037193
0.000025749
0.000085592
0.000071287
0.000080109
0.000024796
0.000031710
0.000120163
0.000025034
0.000045776
0.000074863
0.000024557
0.000034571
0.000028133
0.000027418
0.000069141
0.000026226
0.000114918
0.000036716
0.000026226
0.000048876
0.000103712
0.000034571
0.000024319
0.000024319
0.000022888
0.000040531
0.000032187
0.000025272
0.000030518
0.000025034
0.000051975
0.000052929
0.000034332
0.000023603
0.000035524
0.000034571
0.000042439
0.000038862
0.000038385
0.000043869
0.000109673
0.000024557
0.000110865
0.000105143
0.000029564
0.000061750
0.000024319
0.000023603
0.000116348
0.000046015
0.000086308
0.000025034
0.000080585
0.000042915
0.000036240
0.000045776
0.000076294
0.000048161
0.000044823
0.000047207
0.000163794
0.000076294
0.000079155
0.000054359
0.000030041
0.000026703
0.000076771
0.000074148
0.000024080
0.000079870
0.000076294
0.000109434
0.000077248
0.000035286
0.000033379
0.000053406
0.000047922
0.000126362
0.000105858
0.000033855
0.000070572
0.000025749
0.000024319
0.000075340
0.000075340
0.000044584
0.000107527
0.000024796
0.000075340
0.000073910
0.000076294
0.000076294
0.000095844
0.000023127
0.000056267
0.000166893
0.000049829
0.000035048
0.000035286
0.000086308
0.000041485
0.000049114
0.000087976
0.000024319
0.000086546
0.000035286
0.000062466
0.000037909
0.000035763
0.000065804
0.000041246
0.000025034
0.000106573
0.000025511
0.000077248
0.000041008
0.000038862
0.000049591
0.000047684
0.000070810
0.000050306
0.000050306
0.000065804
0.000074625
0.000077724
0.000024557
0.000140190
0.000056505
0.000024319
0.000075102
0.000025749
0.000046492
0.000026226
0.000025988
0.000099182
0.000062943
0.000024319
0.000088453
0.000059128
0.000079393
0.000060797
0.000040770
0.000141859
0.000025034
0.000046730
0.000084639
0.000073671
0.000076056
0.000120163
0.000032187
0.000024080
0.000056505
0.000031710
0.000046968
0.000105143
0.000025034
0.000065565
0.000079632
0.000076294
0.000023603
0.000074148
0.000153780
0.000079155
0.000139236
0.000083208
0.000128269
0.000041485
0.000026226
0.000032425
0.000044346
0.000096083
0.000083685
0.000040770
0.000060081
0.000126600
0.000024557
0.000041246
0.000081062
0.000041008
0.000039577
0.000024080
0.000043869
0.000034809
0.000063181
0.000076056
0.000041246
0.000025034
0.000074863
0.000044107
0.000032425
0.000032187
0.000025272
0.000041485
0.000034571
0.000061035
0.000109196
0.000037909
0.000024796
0.000059128
0.000037909
0.000030279
0.000238895
0.000045538
0.000025511
0.000057936
0.000082016
0.000082016
0.000055313
0.000025749
0.000032425
0.000050068
0.000042200
0.000079870
0.000037909