0.000057459
0.000050545
0.000039101
0.000028372
0.000014782
0.000061989
0.000076532
0.000023842
0.000028610
0.000061512
0.000061512
0.000018835
0.000078201
0.000058889
0.000023365
0.000060558
0.000058651
0.000030756
0.000060320
0.000061035
0.000058413
0.000018120
0.000019073
0.000058413
0.000058889
0.000053406
0.000017643
0.000059128
0.000018358
0.000018358
0.000059128
0.000018597
0.000060797
0.000077248
0.000059366
0.000059605
0.000018835
0.000020504
0.000018835
0.000049114
0.000017643
0.000060320
0.000060081
0.000017881
0.000059366
0.000020981
0.000057936
0.000056744
0.000058413
0.000066996
0.000057936
0.000019550
0.000063181
0.000064611
0.000060558
0.000020266
0.000019789
0.000056982
0.000023603
0.000018120
0.000044107
0.000060081
0.000058889
0.000063181
0.000037432
0.000086308
0.000045061
0.000017166
0.000027657
0.000037909
0.000017166
0.000042677
0.000041246
0.000019073
0.000058413
0.000061035
0.000017881
0.000035286
0.000061750
0.000061512
0.000060320
0.000047207
0.000060320
0.000018597
0.000020027
0.000055790
0.000017643
0.000017643
0.000065327
0.000019550
0.000060320
0.000039339
0.000016212
0.000025749
0.000058651
0.000044346
0.000018835
0.000020027
0.000017643
0.000037909
0.000020742
0.000020266
0.000020504
0.000038385
0.000020742
0.000019789
0.000059128
0.000058174
0.000018358
0.000024557
0.000020742
0.000061035
0.000020266
0.000059366
0.000030518
0.000059366
0.000018835
0.000018120
0.000059843
0.000059605
0.000062227
0.000052214
0.000060081
0.000064611
0.000019073
0.000062466
0.000059605
0.000039101
0.000017643
0.000072718
0.000061512
0.000059843
0.000018835
0.000057459
0.000042200
0.000059605
0.000060558
0.000042677
0.000040054
0.000059128
0.000051260
0.000017643
0.000058174
0.000062704
0.000058651
0.000039816
0.000018358
0.000046253
0.000027418
0.000057459
0.000045538
0.000034571
0.000042915
0.000036240
0.000024796
0.000017405
0.000017166
0.000027895
0.000016212
0.000060558
0.000059128
0.000026464
0.000060081
0.000018835
0.000018120
0.000057697
0.000016928
0.000034094
0.000049591
0.000052691
0.000029564
0.000018358
0.000057936
0.000080347
0.000059128
0.000045538
0.000056744
0.000058651
0.000024796
0.000063181
0.000049829
0.000049591
0.000018835
0.000057459
0.000057936
0.000019312
0.000025272
0.000060797
0.000019073
0.000023842
0.000018835
0.000020027
0.000047684
0.000018597
0.000030279
0.000058651
0.000018597
0.000018120
0.000057220
0.000055075
0.000057697
0.000060081
0.000063896
0.000058174
0.000019550
0.000058174
0.000057459
0.000054836
0.000056267
0.000025749
0.000019550
0.000059128
0.000018120
0.000027418
0.000017166
0.000057459
0.000057220
0.000056744
0.000023127
0.000028372
0.000057459
0.000025988
0.000023365
0.000019312
0.000020981
0.000018358
0.000017643
0.000041962
0.000056982
0.000027418
0.000030041
0.000057936
0.000059366
0.000037432
0.000019789
0.000060797
0.000017881
0.000056744
0.000030279
0.000019550
0.000027180
0.000025272
0.000020027
0.000065088
0.000057936
0.000058413
0.000026464
0.000057936
0.000051737
0.000049114
0.000058174
0.000058889
0.000018835
0.000049353
0.000045538
0.000057459
0.000056744
0.000020266
0.000020504
0.000019073
0.000017405
0.000056505
0.000027180
0.000059366
0.000064611
0.000038385
0.000049591
0.000017166
0.000044584
0.000021219
0.000057220
0.000057220
0.000020027
0.000043392
0.000019550
0.000028610
0.000019312
0.000058174
0.000057697
0.000057220
0.000054359
0.000041962
0.000058651
0.000017643
0.000019789
0.000081539
0.000060320
0.000041962
0.000068426
0.000017881
0.000017405
0.000058174
0.000018597
0.000019550
0.000047684
0.000068426
0.000017643
0.000017881
0.000019312
0.000019073
0.000018835
0.000059128
0.000026941
0.000016928
0.000059843
0.000057459
0.000027895
0.000016928
0.000020027
0.000057697
0.000018597
0.000020504
0.000024796
0.000048399
0.000067949
0.000023842
0.000049353
0.000018835
0.000018597
0.000060081
0.000059366
0.000057697
0.000024080
0.000058413
0.000025988
0.000019312
0.000060558
0.000019073
0.000019550
0.000018835
0.000043392
0.000019550
0.000025511
0.000055790
0.000050068
0.000033140
0.000018358
0.000059128
0.000059128
0.000045061
0.000058889
0.000024796
0.000022173
0.000025034
0.000021458
0.000024080
0.000081301
