39414207.000000000
29252606.000000000
26550245.000000000
27529470.000000000
40402001.000000000
30246806.000000000
27651152.000000000
24217228.000000000
28233345.000000000
32173831.000000000
29585364.000000000
36743765.000000000
34270685.000000000
27075923.000000000
34488442.000000000
33819150.000000000
34701770.000000000
26469674.000000000
25563926.000000000
34478256.000000000
28757377.000000000
26754906.000000000
28942265.000000000
33863015.000000000
25938911.000000000
29047542.000000000
29878259.000000000
29023755.000000000
36571947.000000000
33672692.000000000
32551928.000000000
29389177.000000000
26025445.000000000
25471574.000000000
26725416.000000000
26565001.000000000
24723083.000000000
32772556.000000000
37273735.000000000
25527941.000000000
30016880.000000000
28617849.000000000
36061048.000000000
33976036.000000000
31729714.000000000
30414518.000000000
35109328.000000000
28209575.000000000
44579793.000000000
40423182.000000000
39111656.000000000
27941547.000000000
30681704.000000000
34757166.000000000
29645607.000000000
25427628.000000000
30222344.000000000
38799852.000000000
27196695.000000000
32828709.000000000
31945466.000000000
42098309.000000000
28975657.000000000
26039445.000000000
29209093.000000000
25485088.000000000
26065252.000000000
30289882.000000000
29534199.000000000
26201309.000000000
32355895.000000000
39515665.000000000
27913265.000000000
26107101.000000000
34950600.000000000
32178472.000000000
36077476.000000000
27408179.000000000
30488156.000000000
27409210.000000000
28251172.000000000
28434082.000000000
30561660.000000000
27239655.000000000
61748478.000000000
30902760.000000000
30040594.000000000
30955212.000000000
26711039.000000000
31300991.000000000
38617973.000000000
28456356.000000000
24398426.000000000
27504188.000000000
26179581.000000000
27862960.000000000
28309019.000000000
29889787.000000000
27106142.000000000
31334157.000000000
29126690.000000000
29058941.000000000
37108647.000000000
35570109.000000000
27092813.000000000
28600701.000000000
28441468.000000000
30394399.000000000
29887721.000000000
31495570.000000000
38069463.000000000
33782783.000000000
25818012.000000000
25933828.000000000
34960823.000000000
33159019.000000000
31044121.000000000
28022251.000000000
30662394.000000000
41938972.000000000
25556638.000000000
38512921.000000000
39528149.000000000
25816440.000000000
27912593.000000000
31974335.000000000
35993440.000000000
34861318.000000000
25990656.000000000
34220546.000000000
24516309.000000000
26532290.000000000
35987932.000000000
28986242.000000000
28350483.000000000
29683494.000000000
32017141.000000000
31817024.000000000
31361436.000000000
39733967.000000000
37439139.000000000
25431543.000000000
29262477.000000000
32244464.000000000
34419628.000000000
27013820.000000000
28935005.000000000
30190734.000000000
26335598.000000000
24834070.000000000
27443013.000000000
23591234.000000000
28653120.000000000
44324806.000000000
27931140.000000000
36403334.000000000
32154048.000000000
35548296.000000000
32093256.000000000
24659421.000000000
31317050.000000000
36372944.000000000
26972343.000000000
27596215.000000000
29554832.000000000
32737644.000000000
36659293.000000000
29307555.000000000
37119811.000000000
32938633.000000000
29824249.000000000
29110602.000000000
30947466.000000000
36294111.000000000
32661595.000000000
35434029.000000000
27591408.000000000
28067396.000000000
29642246.000000000
33307864.000000000
32745974.000000000
26207106.000000000
34476686.000000000
31876250.000000000
29179139.000000000
36426167.000000000
26813569.000000000
28559401.000000000
30759765.000000000
28075315.000000000
40206911.000000000
32201806.000000000
26260493.000000000
26026844.000000000
30284729.000000000
29263059.000000000
34499686.000000000
32403264.000000000
34162940.000000000
30767190.000000000
28596538.000000000
37532102.000000000
37369715.000000000
28297619.000000000
34083974.000000000
28686327.000000000
25533135.000000000
33097017.000000000
25738419.000000000
28148124.000000000
26494951.000000000
34925378.000000000
37458705.000000000
29941713.000000000
30686181.000000000
38634895.000000000
29756178.000000000
36847012.000000000
28531933.000000000
26402118.000000000
27565866.000000000
24420308.000000000
32565758.000000000
24911504.000000000
29431155.000000000
43678216.000000000
28629374.000000000
35168817.000000000
28463107.000000000
27648376.000000000
26302333.000000000
32657667.000000000
29058550.000000000
34010946.000000000
27883230.000000000
28861961.000000000
39120669.000000000
33574511.000000000
26108901.000000000
34900038.000000000
27236026.000000000
35856692.000000000
37579269.000000000
27885743.000000000
28087873.000000000
26452095.000000000
33152404.000000000
33986814.000000000
25438553.000000000
30166438.000000000
31740232.000000000
28524564.000000000
35508269.000000000
30421754.000000000
29211370.000000000
27657073.000000000
24884880.000000000
36169782.000000000
35341402.000000000
32734590.000000000
30305130.000000000
42104702.000000000
26974299.000000000
27179854.000000000
33718916.000000000
31245231.000000000
30128789.000000000
30597832.000000000
27464165.000000000
31146786.000000000
32303212.000000000
35287122.000000000
25943504.000000000
28726001.000000000
35782482.000000000
30672257.000000000
27857789.000000000
27784230.000000000
28695671.000000000
28779805.000000000
25705154.000000000
34200052.000000000
33508149.000000000
28169998.000000000
29953791.000000000
25251799.000000000
28742394.000000000
36047925.000000000
25022478.000000000
32364581.000000000
36318331.000000000
41038526.000000000
30118750.000000000
26164330.000000000
31527594.000000000
25144744.000000000
27468544.000000000
26941886.000000000
29289648.000000000
24719875.000000000
33585829.000000000
36157262.000000000
23887180.000000000
27761182.000000000
28997342.000000000
33685294.000000000
26274276.000000000
29848788.000000000
33817379.000000000
27562382.000000000
30841758.000000000
32896625.000000000
28046600.000000000
25863408.000000000
26779949.000000000
30550280.000000000
28107667.000000000
32500336.000000000
36058856.000000000
35420261.000000000
30066021.000000000
28454902.000000000
34623771.000000000
29632367.000000000
29395710.000000000
28946286.000000000
26583402.000000000
26602459.000000000
33009832.000000000
29980214.000000000
27349732.000000000
40611671.000000000
32377291.000000000
32266483.000000000
33806758.000000000
26330432.000000000
32983852.000000000
26838716.000000000
26831875.000000000
28877950.000000000
29202904.000000000
35271477.000000000
26558381.000000000
