19799
8456
7371
7133
5895
7353
6544
8606
9076
7061
7158
8494
4861
9527
7568
6334
9960
2377
5431
9850
8993
6110
2210
2733
8060
7842
2510
7339
8065
2573
2984
7323
4423
5093
7334
6479
7799
9540
6225
9922
2354
2411
10152
3167
5289
3164
7264
4006
10118
3825
8485
3690
8296
6212
4872
2215
9780
5315
7150
10020
8777
6462
7454
3479
8488
3315
5455
8266
8552
8039
7780
6460
4227
6607
7112
6482
8114
4565
5177
10183
2887
6272
9471
8275
4610
2996
8906
3399
6988
4765
3627
4488
9018
4080
6678
9042
7669
9109
6157
6495
4342
7389
7953
3807
6142
7779
3980
8647
6698
7353
4356
1779
4792
4707
2668
3498
3459
7497
7058
3726
3916
1907
9880
7006
8367
9654
6286
7260
2930
3063
7776
6472
6846
5027
6207
3969
6361
2362
9067
7581
8406
2442
5830
9449
3796
3852
10162
8103
6210
7489
5254
1842
8815
9985
6547
3646
1704
7627
2981
7402
2251
9512
8683
2418
3729
4076
4863
9062
6206
4505
3200
6243
4870
2339
8820
9219
8445
4140
6855
6566
3340
10093
7695
8983
6531
9638
3433
4838
7975
4393
6374
6012
9687
2911
6210
5626
2574
8299
7887
7861
5079
9539
10137
1934
7110
3814
2941
7927
3692
8630
3900
6891
9318
4175
9697
4108
10384
8181
3067
6126
8766
6568
3735
8209
3007
9633
4480
3599
5095
9235
3095
3340
8620
8265
3466
5743
9149
3660
8271
10449
6980
2980
2776
2326
2253
6598
5069
7535
5356
5824
7792
8448
6828
4055
3356
2881
9385
3889
9570
9436
6034
5538
7682
7929
7191
9725
4876
8406
2546
6988
3903
8974
5206
9200
7259
5434
9975
4527
6621
4249
3194
5804
6667
7815
3956
7138
6942
2895
3006
2440
2488
5791
5692
6150
10733
2107
3864
6336
6107
8391
3686
4692
4721
5994
4948
4742
9678
9371
8647
2867
8889
7940
7499
9886
5811
7743
2258
5927
7612
9349
7703
4264
4708
2648
8771
8218
8830
3317
4623
10136
5275
5991
9356
2676
7344
9710
8648
10132
2442
3008
2400
2543
10191
6115
5843
1737
9554
5954
5488
2799
6601
6144
8801
9224
3328
8923
6983
7617
248859
16875
4800
5030
2047
3032
3123
4734
4856
7481
8373
4341
8312
10084
9109
7606
7018
9907
4565
2957
9759
2341
6870
2906
7740
3641
10092
5551
8583
6803
9948
4011
9047
8352
5968
9279
4929
3968
5509
7374
2174
6573
2416
6362
3216
5742
6030
4951
3815
9471
3024
10244
6791
5461
7930
9325
7336
5931
5837
8440
9706
17413
7500
5057
6194
6859
2381
7703
7770
7002
8071
5509
7636
7230
5924
4687
4735
2894
7454
1947
6580
2505
4490
6966
6747
4658
4013
4453
7779
4987
10003
8108
9670
10462
5804
7609
4119
4032
4061
4436
2698
8075
4088
7284
6102
4403
7920
4490
7330
9285
2160
5637
6621
7810
8392
9364
2293
3938
9253
3469
3956
9074
4427
2917
8132
9797
6168
10310
8853
4973
3257
5115
8011
9561
2718
7075
4587
4085
5338
3029
9815
5199
9798
9148
5026
2194
4968
10380
9216
4052
3246
8333
5106
9325
8598
7190
4606
8987
7453
8776
6091
1978
3562
8969
3421
2943
9231
7943
3049
9656
2308
8757
4027
5798
6322
2639
9376
5452
5793
6294
6783
3406
6191
9513
3739
10114
2173
4667
2137
8900
3530
11144
5245
6813
5996
1883
3615
3985
7033
9264
8721
3021
4427
8790
10258
8453
3046
8085
2160
2259
5133
4988
4243
7861
8485
7334
6493
9150
3887
6775
7499
8402
3618
7498
10532
3883
4402
10267
4767
7213
9259
6213
3531
7452
9222
3918
8946
2676
7701
5771
9420
7178
5323
3259
9216
4044
7559
5223
6917
3374
2343
4695
7366
3773
6205
3390
9539
8577
8485
3853
10541
4718
6816
5509
9122
9222
8783
8098
6595
5296
4068
2552
5977
7243
3953
5196
6345
6964
7166
4857
4867
4002
9910
5632
10722
2277
7626
5322
7913
6260
2893
9237
7797
3170
5999
5492
7275
4338
7102
9924
2624
5423
9714
2537
7152
3067
4962
8893
7020
9363
10177
6243
2578
10044
3866
6595
3240
8326
3047
8098
3567
2974
6302
9112
4068
7917
4773
8728
2228
7846
4855
9005
3480
10461
6602
6048
7959
6198
6934
6019
4383
7593
9555
5786
2858
5178
2569
8449
2898
5412
8950
3696
9181
5107
8557
3706
11307
5604
9195
7858
9364
4737
9974
3605
8427
6879
5250
3547
6396
8181
1829
4504
6156
7950
9552
3461
2536
5072
5801
2454
6186
6707
5763
9316
9486
1950
6085
3279
9218
4119
8105
3818
7721
10161
7553
6380
3911
9893
8148
5711
3235
7754
5433
3292
4327
4634
3232
5348
4354
6341
6380
7151
7516
4648
5890
3222
6297
9697
2564
10046
4408
7085
8240
3546
4741
9232
5794
6226
8939
6811
3083
9637
6495
2473
9641
3241
5844
6710
5907
3976
6617
6633
6690
7615
9832
6820
10133
7822
3930
8126
2293
5942
4410
2599
2374
6406
7540
2412
7701
3354
9970
10022
6007
7040
8663
7676
7893
4161
7883
3483
3675
4273
9805
9411
4535
3514
7130
5726
6656
6825
4499
7750
5728
3801
2264
10138
8137
2303
6867
2697
6905
3217
9812
2009
2975
4425
5744
8498
7809
9572
2326
4341
4617
5701
5725
8081
3365
2684
5044
5304
10160
7758
4590
8235
7405
6446
8023
5957
9715
6482
9656
7938
7116
6021
8843
9499
5950
4781
5453
9709
6033
4296
6033
2891
4834
8104
8102
10020
3239
7339
9458
3725
3655
9442
3496
4222
4254
9644
2074
2301
6419
5181
9426
6314
9928
7934
4448
8146
6077
7675
5576
3321
8129
6173
6436
4523
8519
7952
3293
8223
8755
10605
7099
2783
4110
7147
9646
4885
3918
3426
4738
6956
6399
9823
2432
4323
7099
1943
8819
2588
7855
7963
5549
5115
2814
6925
2598
8519
9839
2629
8272
4038
9550
2121
7591
7666
3577
2602
9019
3191
9681
8463
7552
2452
6623
4986
4105
3882
8206
3456
4738
10802
3186
9075
4759
5086
3318
4601
9950
2425
7758
8172
6296
7264
5404
5572
4056
6498
9222
9016
7233
1835
