3.504481077
0.509493589
0.538763523
0.540465832
0.472801685
0.554824114
0.557827473
0.546350479
0.534681559
0.529105186
0.514955282
0.535009146
0.538076162
0.527277708
0.622021675
0.532277584
0.526143551
0.512512445
0.520639896
0.527195215
0.504266024
0.564823866
0.541237116
0.528261423
0.494875908
0.580071688
0.572755814
0.545363665
0.520445824
0.539892197
0.522721291
0.568572998
0.624708891
0.710616350
0.669164419
0.652162552
0.601636887
0.544090033
0.584047794
0.560593605
0.558754444
0.862723351
0.587208986
0.577949762
0.519284964
0.614391565
0.536426067
0.580735922
0.547732115
0.571843386
0.566597223
0.520744562
0.541934252
0.535802841
0.521049738
0.535789728
0.560556412
0.534932375
0.533092976
0.543921947
0.554488659
0.546394348
0.570445299
0.521326542
0.510248184
0.526656151
0.500460625
0.628825903
0.569876432
0.539638519
0.516175985
0.516479492
0.541380644
0.523502588
0.482394695
0.485038757
0.512481689
0.508191109
0.517937660
0.531471491
0.503883600
0.508599758
0.586208582
0.495019674
0.517354012
0.540303230
0.498142004
0.532577991
0.528134108
0.537566423
0.555497408
0.506678343
0.513709068
0.503260136
0.531585693
0.501039267
0.520680189
0.719195843
0.543184042
0.518142939
0.554235220
0.572789192
0.510865211
0.539577484
0.511633635
0.515124798
0.514130116
0.510990143
0.509665728
0.517672062
0.520553827
0.547470570
0.540653944
0.537499189
0.532672405
0.520640612
0.499730825
0.523603439
0.530144691
0.508395195
0.539650440
0.514289618
0.510961294
0.492785454
0.505995274
0.524626493
0.524249077
0.525955677
0.509718895
0.512843370
0.492578506
0.504796267
0.486753941
0.493343830
0.528804302
0.522292137
0.483567238
0.520669460
0.527040005
0.509680271
0.513232231
0.544324636
0.531931639
0.556930304
0.528625965
0.494761229
0.533137560
0.497400045
0.599180222
0.499469280
0.561316252
0.531743765
0.507942677
0.526612282
0.505584002
0.543015480
0.537808657
0.532309532
0.511644602
0.542346478
0.537236452
0.525104761
0.553097963
0.500517368
0.519070148
0.479182720
0.492572546
0.498044729
0.472014666
0.509429455
0.523206711
0.494542837
0.489047527
0.563533306
0.519506454
0.513748407
0.572703838
0.537463188
0.513113499
0.523330927
0.488514423
0.521797419
0.538396358
0.537491798
0.500972033
0.548098087
0.526347637
0.528036118
0.482737303
0.678645134
0.522014380
0.497414112
0.516379356
0.529906034
0.521153688
0.493776321
0.509525776
0.513096333
0.520101547
0.481027842
0.505043745
0.491111040
0.531849861
0.512373686
0.525911808
0.541257620
0.529462099
0.525244713
0.539710045
0.496059179
0.505179405
0.524715900
0.531969786
0.524174929
0.477783680
0.500811100
0.532655954
0.487515926
0.485903502
0.481623650
0.508522272
0.498576880
0.511913061
0.533186436
0.499511480
0.534308910
0.512236357
0.513504505
0.492175341
0.505004644
0.500940561
0.493798018
0.525252581
0.545925617
0.514069319
0.511484861
0.495476961
0.513826370
0.504222155
0.542625427
0.513068914
0.485733986
0.523596764
0.508615971
0.533707380
0.506663799
0.526656389
0.472852707
0.481199026
0.529448509
0.511394978
0.490315199
0.509705305
0.511093140
0.555381298
0.514868498
0.499478340
0.518020153
0.514042616
0.522549868
0.466015100
0.536820650
0.534789801
0.514428377
0.530223370
0.511903048
0.529806614
0.514231205
0.497516155
0.506688595
0.514703035
0.518743515
0.536674976
0.500976086
0.507809162
0.533780575
0.522578239
0.490543842
0.512701511
0.492660284
0.498767853
0.503042698
0.538596630
0.503322124
0.517243385
0.538942814
0.486186743
0.534981489
0.529450178
0.540191412
0.488516331
0.558557510
0.497121811
0.520359039
0.513197660
0.502238989
0.461107969
0.509896994
0.551534891
0.560869932
0.504102468
0.509953022
0.490919352
0.525650263
0.506920815
0.521012783
0.523208380
0.511201859
0.490059853
0.520442486
0.502938509
0.479524374
0.526733637
0.529579163
0.487658739
0.491224051
0.509124517
0.506154776
0.515400410
0.515455246
0.558816671
0.527088404
0.497453213
0.534543514
0.500468731
0.494243622
0.522043705
0.523910761
0.508623362
0.522940159
0.500042439
0.484081268
0.549984694
0.530097246
0.501896858
0.493460894
0.494777203
0.498158932
0.491960764
0.533423662
0.533947229
0.511930943
0.507453680
0.501345396
0.540657759
0.538206816
0.496586800
0.478740931
0.509472609
0.492178917
0.511563778
0.505177259
0.485723972
0.534473896
0.539818048
0.509013891
0.514359474
0.522211313
0.533497572
0.499204636
0.511762381
0.635999203
0.486508131
0.499338627
0.481432438
0.490955114
0.523157120
0.508973360
0.520440340
0.563956738
0.502953768
0.519375086
0.542399168
0.494122028
0.511187792
0.510539293
0.503753185
0.537609100
0.540779591
0.533248663
0.509604454
0.507117033
0.518487215
0.523228407
0.466539383
0.506983757
0.512951851
0.502068758
0.542567730
0.484942198
0.521919966
0.508389950
0.530838728
0.488570690
0.496182203
0.516364336
0.527064562
0.495318174
0.488035440
0.508305788
0.504760027
0.522770166
0.523927450
0.532336473
0.533154964
0.496591091
0.508221626
0.495608568
0.512226820
0.502023697
0.554276943
0.484364986
0.524194002
0.523480177
0.529692650
0.548106194
0.531867266
0.533902645
0.489863157
0.477047920
0.509353876
0.530077219
0.521221399
0.504384995
0.516109943
0.509804010
0.533614159
0.554947376
0.532624960
0.506889582
0.553435564
0.538315296
0.523151636
0.534826279
0.532759666
0.535838604
0.492310762
0.535563469
0.530019283
0.502063036
0.495380163
0.529787064
0.520983458
0.522749901
0.500345945
0.562252283
0.540380001
0.530321121
0.497489929
0.557030916
0.513511896
0.539933443
0.502856255
0.523955584
0.529061317
0.499953508
0.501330137
0.504980087
0.531290293
0.478844166
0.500988483
0.532047272
0.496329546
0.511749983
0.522866249
0.514249325
0.486045599
0.510774612
0.775027514
0.506084919
0.499749899
0.558241129
0.549744129
0.534792185
0.519570589
0.504731894
0.492209911
0.515942097
0.474685192
0.528567553
0.507013083
0.502706051
0.499488115
0.499731302
0.478590965
0.511576653
0.507396698
0.480283260
0.482603073
0.521574020
0.526581526
0.519890785
0.522436857
0.506314516
0.538007975
0.505973339
0.524529934
0.496298790
0.509257317
0.501602173
0.505301476
0.541162014
0.507181644
0.519736767
0.526941299
0.477437973
0.536989212
0.490338326
0.514885902
0.531198025
0.540838718
0.535962582
0.532015085
0.552546263
0.485398054
0.507738352
0.491292477
0.503258467
0.511126757
0.484899044
0.488401413
0.507619381
0.494490862
0.564313173
0.497644424
0.505290031
0.505575418
0.516093493
0.514842987
0.594395161
0.553993464
0.525004387
0.507601261
0.533848047
0.492699623
0.502842665
0.507447481
0.511411667
0.553175926
0.504229307
0.492313862
0.509061098
0.485018492
0.543220997
0.500914812
0.505388737
0.523449421
0.478256702
0.468108416
0.505028248
0.533771515
0.523625612
0.501240969
0.517490149
0.528187275
0.532341242
0.494637966
0.518957615
0.475739956
0.516813993
0.502054453
0.509634018
0.520503998
0.583366156
0.554093361
0.492104769
0.611162424
0.525358677
0.485685587
0.498355389
0.505296707
0.498121500
0.501935720
0.531222582
0.500933170
0.499928951
0.496665239
0.534907103
0.536363125
0.521853685
0.485306740
0.502138615
0.520986080
0.504010439
0.497976542
0.494555235
0.521450281
0.536630869
0.520820379
0.493185520
0.529148817
0.576647758
0.510411501
0.492993832
0.511458158
0.482967854
0.485544682
0.540273190
0.522666454
0.511175871
0.516591072
0.493452072
0.514542580
0.502338886
0.514080048
0.528290987
0.502025843
0.500885010
0.497983694
0.490041018
0.485435486
0.508834600
0.502201319
0.534152746
0.497329235
0.486770868
0.524989843
0.528501272
0.532504797
0.495892286
0.504492998
0.522111893
0.507781506
0.490765810
0.529248476
0.498772860
0.533917904
0.524885893
0.515510321
0.489648581
0.511666536
0.483051777
0.531218529
0.508640289
0.487069368
0.516056299
0.534652233
0.518219709
0.527616501
0.512624979
0.483111382
0.513766050
0.563891411
0.494009256
0.506880283
0.488777161
0.512879372
0.532598019
0.512448311
0.542426586
0.506197214
0.526425600
0.534848213
0.491019964
0.495393038
0.493677855
0.498164892
0.487153769
0.512033463
0.461514235
0.523754120
0.512355804
0.523398161
0.502808809
0.485557318
0.506645203
0.512337446
0.519939661
0.502783537
0.520821333
0.506744146
0.511135101
0.520594835
0.512625217
0.513759375
0.502918005
0.522356272
0.532160282
0.512976408
0.491861582
0.478344679
0.503618717
0.550056219
0.491260052
0.486166954
0.545162916
0.526665926
0.536589861
0.489971161
0.527059078
0.483845234
0.538176298
0.503460646
0.506511927
0.518794298
0.499564886
0.476083279
0.507001162
0.529000998
0.490758896
0.513510466
0.510064125
0.526621580
0.490957499
0.540121078
0.503677130
0.507982969
0.528169394
0.541022778
0.538465500
0.493247509
0.482693195
0.489495993
0.500684023
0.510498047
0.495359182
0.523226261
0.526898623
0.513726950
0.548686266
0.505998850
0.527656317
0.508575678
0.531047106
0.512788296
0.463546038
0.505217075
0.497354746
0.533557177
0.504554272
0.524279833
0.526941776
0.493298769
0.519131660
0.508044243
0.516548872
0.519360065
0.540514708
0.529930115
0.516359329
0.491394997
0.546297789
0.497745514
0.545012474
0.510698080
0.495270014
0.483532190
0.532041788
0.524037838
0.535962582
0.548701048
0.579110384
0.495404959
0.498065710
0.518023491
0.525902748
0.512934208
0.517432690
0.517975807
0.541563749
0.483629465
0.521238565
0.518440008
0.535724878
0.506557703
0.550598621
0.482480049
0.536850214
0.533757925
0.481920481
0.520239592
0.541132212
0.513300180
0.514925957
0.497283220
0.504262209
0.498122931
0.528391361
0.515804291
0.501771212
0.513133049
0.511641502
0.530244827
0.506772518
0.518901348
0.494964600
0.495721579
0.515177011
0.518706799
0.466458559
0.519475698
0.509414673
0.540495634
0.491885424
0.538126707
0.496786118
0.509911776
0.507479668
0.512994528
0.543169022
0.514686108
0.491985083
0.515580416
0.762177467
0.542818069
0.500014305
0.473044634
0.495174646
0.523297787
0.499204397
0.534535408
0.519382954
0.482750416
0.498880863
0.503587723
0.540521145
0.537350416
0.512718916
0.526104689
0.535115004
0.539709568
0.521548510
0.544773340
0.493635654
0.496665239
0.501808643
0.524658203
0.515386820
0.546298742
0.501337767
0.496075630
0.501541138
0.529484987
0.512998819
0.502193213
0.516261101
0.517514467
0.500092268
0.495269775
0.522169113
0.533312559
0.531814575
0.500724554
0.479511023
0.527199268
0.523982525
0.502066851
0.471458435
0.530998707
0.538150311
0.521031141
0.533436298
0.545439482
0.487208366
0.530757189
0.533392429
0.563790560
0.505579948
0.517798901
0.537262440
0.522433996
0.512143135
0.515311718
0.563040733
0.479902029
0.545487165
0.507033348
0.495054245
0.514022350
0.514011145
0.526698828
0.498732805
0.499718904
0.510156393
0.509510756
0.502390385
0.500241995
0.514383078
0.548043251
0.541223288
0.506125689
0.471711636
0.509921312
0.511650085
0.547661066
0.521980047
0.536411762
0.535046577
0.527524233
0.510122776
0.536579370
0.514607430
0.526001930
0.536051512
0.508023739
0.520847559
0.512016058
0.524286032
0.499925137
0.538348913
0.495635986
0.489630699
0.497839451
0.557800531
0.521194696
0.493911028
0.530249119
0.530404568
0.527590513
0.568322182
0.510731697
0.500634909
0.483896971
0.571754694
0.488124847
0.489798307
0.533319235
0.536874056
0.524981737
0.505942106
0.501791954
0.519507408
0.513152361
0.528610468
0.507436991
0.535431385
0.509647131
0.512191057
0.503959417
0.482547283
0.522053480
0.493726492
0.499280930
0.500587463
0.543597460
0.495778084
