9.034921169
0.059047222
0.053767204
0.051505804
0.052416563
0.052875280
0.052879572
0.051702499
0.051732302
0.052920580
0.052588701
0.053970337
0.051700354
0.051559925
0.058670521
0.055395126
0.056299925
0.052666903
0.054644823
0.055692196
0.058237314
0.056122780
0.055595875
0.055951357
0.055668116
0.052808285
0.057293892
0.061583996
0.053273201
0.055407763
0.061170816
0.053079844
0.055838108
0.055013657
0.054215193
0.054681063
0.051388264
0.053073883
0.054042101
0.055041552
0.052784204
0.057597160
0.053006172
0.063827515
0.058805466
0.060634851
0.056674957
0.060250759
0.057289839
0.055772543
0.056476355
0.054544210
0.052994490
0.058067799
0.052902460
0.054748058
0.057355404
0.056056499
0.056953192
0.054847479
0.055519819
0.057520390
0.053822756
0.056412458
0.056549311
0.056658983
0.056971073
0.056956053
0.053571463
0.055630445
0.056131363
0.055200338
0.056066275
0.056355238
0.054002047
0.053739548
0.055234909
0.055276155
0.058178902
0.055065632
0.055569172
0.055019379
0.055057526
0.056512833
0.057682037
0.057526112
0.052882671
0.061075211
0.053635359
0.051830292
0.053625584
0.055895567
0.060081482
0.061177731
0.055333376
0.051650047
0.056260824
0.062762737
0.058780193
0.052639961
0.056975842
0.056028128
0.054189444
0.065352201
0.056942701
0.054796457
0.057294130
0.056205988
0.057940483
0.053102970
0.056576967
0.056936026
0.055903435
0.057697296
0.054401875
0.055209637
0.056267023
0.064247847
0.057332516
0.057121515
0.055705309
0.056525230
0.058532715
0.059528351
0.062459707
0.061551809
0.056221962
0.056883335
0.055315018
0.054029465
0.058149815
0.058794975
0.055553198
0.058990717
0.054204464
0.052718639
0.054417372
0.057248831
0.056370974
0.056044102
0.058837652
0.066384077
0.058064461
0.056227684
0.052618265
0.055170298
0.051231623
0.056710720
0.053271294
0.058051825
0.057638407
0.061560869
0.054554224
0.056692839
0.055636644
0.057672501
0.054883718
0.056803226
0.055014372
0.056424141
0.059229851
0.056303740
0.056133270
0.056274891
0.056952000
0.056871176
0.053872347
0.055337429
0.057878733
0.060957909
0.057603598
0.055788040
0.053561211
0.053326845
0.056634903
0.055840731
0.057198763
0.053054333
0.058613300
0.060481548
0.056332350
0.056436539
0.056102991
0.056468487
0.058914661
0.054720402
0.063194990
0.059296608
0.063342571
0.056832075
0.055031776
0.057323456
0.057832241
0.059026957
0.059130669
0.055765629
0.053082228
0.058503866
0.053053379
0.055371046
0.056786299
0.058146477
0.058807611
0.054080725
0.058586121
0.057716846
0.053195953
0.056439400
0.056451321
0.056450129
0.057531834
0.059327841
0.058973551
0.054756880
0.055029631
0.052077293
0.053080320
0.059052467
0.056308746
0.057950974
0.056830168
0.059053421
0.054947138
0.060997009
0.052890301
0.060895205
0.058513880
0.057139397
0.054818869
0.057100058
0.056312084
0.056664228
0.058150053
0.056648016
0.057191372
0.057718277
0.058681726
0.057986736
0.057312965
0.061036587
0.061753273
0.056595802
0.059356213
0.057426214
0.059087992
0.056202412
0.056471109
0.062449455
0.060264826
0.057820082
0.053074837
0.057957411
0.056651592
0.056352139
0.055063009
0.053226471
0.054848671
0.055702686
0.054812670
0.053935528
0.054152012
0.054764032
0.055480242
0.053869009
0.052384615
0.054925680
0.053938389
0.055393934
0.056221485
0.055349112
0.053178549
0.062479734
0.056597948
0.055480957
0.056244135
0.058124781
0.052413940
0.055024862
0.053353548
0.053398132
0.057191849
0.053905010
0.055143356
0.057852030
0.054948807
0.062621832
0.055832624
0.066183329
0.062061071
0.056120157
0.055788994
0.057746649
0.058489084
0.055341959
0.057543993
0.055392265
0.063884020
0.059494495
0.056183577
0.056418896
0.054583073
0.058659554
0.064281940
0.056301832
0.062581778
0.056191921
0.056859016
0.056616306
0.054575682
0.061436653
0.052387953
0.058053493
0.055053711
0.059952497
0.056002855
0.055624723
0.053772211
0.052437067
0.053471088
0.057690144
0.055516481
0.058770657
0.056793451
0.059365511
0.058068275
0.056841850
0.057892799
0.053954363
0.054622650
0.057911873
0.055648327
0.057713032
0.058903933
0.056316137
0.055654287
0.056765318
0.056391001
0.056752205
0.056786776
0.058101177
0.056774616
0.056112528
0.059043169
0.057205200
0.059558630
0.061312675
0.056331158
0.053867340
0.055953979
0.059486866
0.057504416
0.057662249
0.052612066
0.056662321
0.053844452
0.056362629
0.056587219
0.053589344
0.057989597
0.058609486
0.056410313
0.058273315
0.055560112
0.055680752
0.052824259
0.058289289
0.056006670
0.054597855
0.054656506
0.056559086
0.055519104
0.059042454
0.054993629
0.055525303
0.056534052
0.054392815
0.054367542
0.056463480
0.059797764
0.055785179
0.054271698
0.055058479
0.056334734
0.057475567
0.055662632
0.054646254
0.064810038
0.054760456
0.057175875
0.057103395
0.061879873
0.057620287
0.053715467
0.057758570
0.055876970
0.057785749
0.055702925
0.058082581
0.058092117
0.057569504
0.066505909
0.059353113
0.057796240
0.056957245
0.059997559
0.056344032
0.053797245
0.055291653
0.056199312
0.055317402
0.054787159
0.052389860
0.058457851
0.051567078
0.057104349
0.054308653
0.058883905
0.056227207
0.056710482
0.056168556
0.055763006
0.057351351
0.057322741
0.058186531
0.056116581
0.057065248
0.057776690
0.056623697
0.056228399
0.057450056
0.056774378
0.053080082
0.053899765
0.058049440
0.061878204
0.055949211
0.053752422
0.054008007
0.056079149
0.055182457
0.055580854
0.059364796
0.057189465
0.060920715
0.058362007
0.056714773
0.056318045
0.058102608
0.059900284
0.061140299
0.054694176
0.052842617
0.058798790
0.058346748
0.059253454
0.055954218
0.053477526
0.054032087
0.055408716
0.054419994
0.054311514
0.054776192
0.053792953
0.053659201
0.053135872
0.053570271
0.053955078
0.053809881
0.845218420
0.054674387
0.052965641
0.052835464
0.056956291
0.055437088
0.055222511
0.056484699
0.056338549
0.055912733
0.054299355
0.055150986
0.055479050
0.061374187
0.057551146
0.055271864
0.054492474
0.056691647
0.056444168
0.055583000
0.055693150
0.056354046
0.055061817
0.055860281
0.055135489
0.055857658
0.051732063
0.056147575
0.059248209
0.054252863
0.055490494
0.060419559
0.055659771
0.054969311
0.055876970
0.052529573
0.054405451
0.052915573
0.057090521
0.055112839
0.057768583
0.058552265
0.057152510
0.058772564
0.053301334
0.053916454
0.055592775
0.056239367
0.058148384
0.053764343
0.054589748
0.054540873
0.053463936
0.057035685
0.055375338
0.055999041
0.056463003
0.053855896
0.054254770
0.057075262
0.057154417
0.055773973
0.056774616
0.057413101
0.055749655
0.063462019
0.052475691
0.059855223
0.059055805
0.054984808
0.053333759
0.062394857
0.056195259
0.058202267
0.058165789
0.059861660
0.057523966
0.056813002
0.054135084
0.055416346
0.054982424
0.055666685
0.053852081
0.053740025
0.057174206
0.056298256
0.057471991
0.057739973
0.057001114
0.054096460
0.054276705
0.056287766
0.056459665
0.056375742
0.056415558
0.055007935
0.056815624
0.055591583
0.062967300
0.058977842
0.056783438
0.059004307
0.054312706
0.056226969
0.054239750
0.056628227
0.053664207
0.056094646
0.057333469
0.056346655
0.060155153
0.057356596
0.053622484
0.055096865
0.056165457
0.061284781
0.055360794
0.057051897
0.056318045
0.058601618
0.056078672
0.059593678
0.057654858
0.055745125
0.057074070
0.056886196
0.053904533
0.054449558
0.054830790
0.052448988
0.056276798
0.056026220
0.055391788
0.081433058
0.056859255
0.063257456
0.056390285
0.057328463
0.056058407
0.054006338
0.056365252
0.056954861
0.058256149
0.057252884
0.056464434
0.057501554
0.063637257
0.057362556
0.060184240
0.058762789
0.058914185
0.053592443
0.053404331
0.053187847
0.057149887
0.058181286
0.054016352
0.055904627
0.055140972
0.052287340
0.056236506
0.056491137
0.053738832
0.065419912
0.057465553
0.058791876
0.054500580
0.056216002
0.055644274
0.063045263
0.054928541
0.053873062
0.055409908
0.055342436
0.053970814
0.056038857
0.053079367
0.057799339
0.054734707
0.054956675
0.057580948
0.062827349
0.056871653
0.055958748
0.055744171
0.055585384
0.056965828
0.054129362
0.060574055
0.056209803
0.057241917
0.058221579
0.060749531
0.057769060
0.061288118
0.057073832
0.055928946
0.055608273
0.059556484
0.053363800
0.053119659
0.055846214
0.057789803
0.057705164
0.056310177
0.055959225
0.053759098
0.055831671
0.056080818
0.057805300
0.057911396
0.056424141
0.059499741
0.057680845
0.056923389
0.056128502
0.055023193
0.055171490
0.060254812
0.057803631
0.056168318
0.055047035
0.054533482
0.051913738
0.056049585
0.052475929
0.058386564
0.055761814
0.056120396
0.056061506
0.055460453
0.055357456
0.056357861
0.056792498
0.053910255
0.055220604
0.061630964
0.057912350
0.056395531
0.055392981
0.057385206
0.055219412
0.056064367
0.059696198
0.053531647
0.055607319
0.055111885
0.057489634
0.057781696
0.055393219
0.057702541
0.054739237
0.055495739
0.054343939
0.057869673
0.053771973
0.057522297
0.055589914
0.058777571
0.054085732
0.055661917
0.059377909
0.056179285
0.057037592
0.057743788
0.059435844
0.054906845
0.057411432
0.055454493
0.053137064
0.053174973
0.062872648
0.057359457
0.057666302
0.058008671
0.056757927
0.058015585
0.055127859
0.056430578
0.057017565
0.055905342
0.056671381
0.052958488
0.057969332
0.055300713
0.056007385
0.061258078
0.053879499
0.053590059
0.055366755
0.056604147
0.056453228
0.062191963
0.059707165
0.056693554
0.057052374
0.058246136
0.056689024
0.053794861
0.056372166
0.057918310
0.055892706
0.052536964
0.054452419
0.056085587
0.059939861
0.058093309
0.057659864
0.057230949
0.058097363
0.054611921
0.056710005
0.056204081
0.057248831
0.056066751
0.055107594
0.054106474
0.056311846
0.058363676
0.056556463
0.056290150
0.055429459
0.056792259
0.056781530
0.054551601
0.056022167
0.059239626
0.059127092
0.061858892
0.067460060
0.059644461
0.057146311
0.056432962
0.058537960
0.057273149
0.056248188
0.057065010
0.054750681
0.058902740
0.054727554
0.056615353
0.053384066
0.057102919
0.056465149
0.056697369
0.057489872
0.057256460
0.055896997
0.056977034
0.054395914
0.054990768
0.055297136
0.054628372
0.054510832
0.055757046
0.055950880
0.054520369
0.056060791
0.056084633
0.055639744
0.055733442
0.055187941
0.055110931
0.052983284
0.053248644
0.059567690
0.055064440
0.054982424
0.055065632
0.056891441
0.056214094
0.057289600
0.057970524
0.056677341
0.058135271
0.055816412
0.055389404
0.053574800
0.054820538
0.053778887
0.053787231
0.054023504
0.052436590
0.054239511
0.052421808
0.055305481
0.066898108
0.054875374
0.055089712
0.056580067
0.056533098
0.058897972
0.057533264
0.054398298
0.063963652
0.057916164
0.057664156
0.056843758
0.056621552
0.057334900
0.056698084
0.056829214
0.056967020
0.056885242
0.055362701
0.055091143
0.058988333
0.056205750
0.055334330
0.055202723
0.054084301
0.055253029
0.057352543
0.056576252
0.056589603
0.054312468
0.055852890
0.057029963
0.058493376
0.058676004
0.056411982
0.057203531
0.065620422
0.056401491
0.059241056
0.056787014
0.055262566
0.056367636
0.053239584
0.058305502
0.058402777
0.062936068
0.054928303
0.056451082
0.055862904
0.055042267
0.064976931
0.057630539
0.057456493
0.057343483
0.059815884
0.065814972
0.056607008
0.057937384
0.058306694
0.056917906
0.056867123
0.055837631
0.057958841
0.055230379
0.060903788
0.061298847
0.057411909
0.061372280
0.056454897
0.054558754
0.054657221
0.054445744
0.056610346
0.054187059
0.054075480
0.054477692
0.054799795
0.054596901
0.054738283
0.054754734
0.054416418
0.053560734
