5.501649380
0.066412687
0.055322409
0.057764053
0.054327488
0.051372766
0.055524826
0.051438570
0.054005861
0.053066254
0.052558661
0.052960634
0.052609205
0.051422596
0.052224874
0.054860115
0.053936958
0.056878090
0.058336735
0.056523323
0.055626392
0.057748318
0.057561636
0.055535555
0.052963495
0.054607630
0.054689884
0.050640345
0.054397106
0.052928209
0.053800344
0.052731276
0.053491116
0.054811239
0.054377079
0.053989410
0.050978422
0.053544760
0.053723574
0.052822113
0.054143429
0.054166317
0.054360628
0.054727077
