5.562335253
0.074507952
0.061496019
0.058207273
0.055423021
0.059517622
0.053298950
0.058227539
0.059358358
0.055486917
0.057760954
0.056547642
0.059109926
0.055839300
0.055310249
0.056395054
0.058524132
0.056171656
0.056477547
0.054488420
0.057517052
0.058085203
0.057005167
0.062360048
0.056852102
0.058698654
0.056832790
0.053790569
0.055970669
0.057182074
0.055369377
0.057310581
0.060838223
0.059613943
0.056940079
0.053842545
0.087417126
0.087889194
0.062312365
0.060834646
0.064028740
0.053571463
0.071727276
0.072570086
0.068279982
0.102184534
0.113899946
0.120221376
0.104031324
0.085533619
0.090891361
0.075054884
0.080105543
0.088636160
0.071043015
0.094834328
0.070797443
0.072820902
0.075758457
0.070673466
0.078191996
0.069654942
0.066271782
0.071710110
0.069817781
0.062083244
0.061867952
0.073315859
0.065950632
0.066969156
0.067513227
0.070188761
0.074377060
0.072100401
0.072748661
0.066593885
0.070058584
0.065590620
0.071880102
0.069337606
0.063776731
0.064024687
0.068996191
0.085809708
0.055042744
0.060153246
0.057648659
0.053651094
0.057749987
0.057753801
0.056430817
0.060201406
0.053875923
0.053809404
0.057857752
0.055391550
0.057794571
0.056896687
0.058230400
0.058062315
0.058087111
0.054762602
0.061124563
0.058199167
0.058432102
0.059923410
0.056456089
0.056677103
0.056428432
0.058597326
0.056884050
0.057051659
0.056566477
0.057074785
0.056366682
0.057580709
0.056672096
0.055989742
0.056358337
0.055708885
0.056782484
0.054613113
0.056757450
0.055549383
0.056599379
0.057055473
0.054065943
0.054991961
0.055253744
0.054179907
0.057876825
0.057521343
0.056113243
0.057115316
0.061482668
0.054019451
0.063814878
0.057133436
0.057606459
0.058613777
0.056885004
0.055735588
0.052846670
0.057258129
0.057546854
0.058362246
0.056594610
0.062952518
0.058270931
0.058928013
0.057431698
0.057753801
0.057950497
0.056632996
0.058381319
0.062260866
0.053796053
0.057056665
0.056024551
0.056703329
0.057519913
0.056158543
0.057160378
0.062981844
0.056663513
0.053940058
0.058302879
0.058977365
0.059415579
0.060316563
0.057513714
0.061724663
0.057921648
0.058124304
0.054960489
0.055984974
0.052730322
0.056894064
0.057538748
0.056937695
0.057022572
0.056914806
0.053842783
0.057953119
0.060201883
0.057015657
0.057230949
0.056671619
0.063293457
0.057916641
0.057417870
0.056905270
0.058661699
0.061007500
0.057131290
0.053428411
0.058369637
0.057049036
0.059653997
0.052752972
0.056926966
0.057029009
0.058835506
0.056671381
0.059343338
0.058393717
0.060845613
0.057555199
0.057983637
0.061715603
0.057771444
0.061447620
0.055540085
0.058363676
0.057433128
0.058192253
0.063852310
0.057313681
0.061020374
0.061045170
0.060315847
0.057159662
0.057899475
0.053744078
0.061957836
0.057883739
0.057265282
0.065343380
0.058343410
0.058809996
0.055525064
0.059856415
0.059231043
0.058810234
0.057497978
0.072829247
0.059614182
0.057978868
0.059053898
0.065931559
0.064848661
0.059268236
0.056253433
0.069768190
0.061552763
0.057947159
0.065250397
0.063108921
0.059077740
0.075783253
0.057974815
0.060556889
0.055962324
0.057407618
0.058288336
0.054455996
0.058197975
0.059713364
0.065078259
0.057476521
0.054511309
0.061758041
0.060418129
0.057920933
0.058246613
0.058956385
0.058643579
0.059730291
0.057331324
0.057024002
0.054536819
0.064682007
0.061293364
0.053056479
0.059264660
0.058555603
0.057518005
0.057977200
0.056355953
0.056972980
0.056856871
0.054372549
0.056459188
0.064468861
0.057259083
0.054009199
0.058780193
0.057034731
0.055951595
0.056962729
0.055783987
0.058141708
0.054568529
0.054265261
0.055061102
0.056824446
0.056858063
0.056290627
0.054227352
0.055784702
0.056690931
0.056288958
0.057187796
0.054203749
0.056767225
0.055550337
0.056371689
0.055820704
0.056680441
0.055879593
0.056894302
0.055846691
0.056860209
0.056472778
0.054620981
0.055824757
0.053088903
0.055980444
0.060003042
0.060761929
0.055871964
0.059659719
0.072148561
0.059733391
0.056638002
0.064906120
0.067040443
0.058690548
0.056258440
0.057014227
0.054964542
0.057761908
0.059006929
0.068379164
0.058152437
0.056557417
0.058392525
0.059509516
0.057756424
0.057340860
0.058612585
0.056774616
0.055267096
0.059265375
0.058705568
0.054852962
0.055294514
0.061535358
0.058293104
0.058714628
0.059237242
0.057153463
0.058933258
0.059040785
0.065585136
0.056180954
0.056517363
0.056209087
0.057386637
0.064854860
0.056004524
0.055753469
0.055583000
0.052860975
0.061434031
0.058228493
0.055453777
0.057390213
0.054718256
0.059429169
0.058622122
0.058149338
0.057592392
0.060165167
0.056257248
0.059337616
0.063062429
0.058136463
0.056765556
0.056649446
0.056000233
0.059850693
0.058545351
0.060621023
0.061159611
0.055772305
0.062039852
0.062114000
0.060552835
0.057654858
0.063997746
0.058310747
0.056594849
0.055061340
0.053810358
0.056634426
0.058131456
0.059044838
0.061167002
0.057912111
0.058359385
0.061741352
0.067925692
0.056629658
0.056926012
0.053715229
0.057662964
0.057526350
0.056600809
0.055436850
0.052000999
0.056937218
0.062120676
0.058608294
0.057621479
0.058053017
0.058302402
0.057572842
0.057027817
0.057419538
0.056900740
0.056917191
0.059366226
0.064212322
0.055343628
0.057101011
0.062731743
0.056536198
0.057221174
0.057456493
0.055117369
0.057407141
0.054255486
0.057576180
0.063291788
0.057531595
0.057924032
0.058470964
0.058233261
0.058138371
0.058020830
0.057977200
0.058751583
0.058536530
0.059493065
0.058781862
0.055873632
0.059113503
0.057540655
0.065267801
0.058477879
0.058004856
0.062102079
0.057165623
0.058833361
0.056643009
0.058562040
0.054116726
0.054521084
0.059007883
0.054186583
0.054476976
0.054100990
0.054538965
0.054054022
0.054767847
0.054187536
0.054616928
0.705540895
0.057500362
0.058163881
0.058376551
0.063540697
0.059479475
0.061577320
0.061408520
0.060440302
0.060091019
0.060570717
0.056457281
0.058653116
0.057188749
0.057678699
0.057328463
0.056516409
0.056543827
0.058186293
0.058071136
0.059639215
0.058037519
0.059257746
0.056207895
0.057604790
0.057633638
0.059135914
0.058223248
0.057764053
0.058761120
0.058635712
0.056902647
0.057789803
0.057679892
0.057298183
0.056756496
0.055634022
0.058161259
0.059021950
0.054192305
0.058587551
0.063935280
0.058870316
0.057139635
0.054999828
0.062322617
0.057080030
0.063147783
0.058272839
0.057084084
0.060678959
0.060751438
0.062483311
0.059126854
0.064503193
0.058356047
0.060577631
0.063077927
0.068472624
0.063582659
0.058348417
0.059216499
0.057374239
0.056868076
0.057254791
0.059641123
0.054597855
0.060865164
0.060066223
0.058842659
0.057498693
0.059316158
0.053322792
0.057168484
0.058347940
0.061216354
0.055821657
0.057765961
0.056073904
0.058249950
0.058986902
0.055933237
0.064050674
0.052932501
0.061456919
0.062949657
0.058254480
0.056738377
0.057881355
0.065222502
0.058838367
0.059661865
0.057101727
0.061061382
0.057335854
0.064401388
0.053812742
0.057472944
0.058389187
0.054845810
0.054878473
0.059091806
0.062597036
0.059152842
0.058528423
0.058480501
0.054591894
0.058300495
0.058645248
0.059049129
0.058002710
0.058473587
0.056006432
0.057936430
0.058034182
0.059746265
0.054811001
0.057754993
0.059246778
0.055594444
0.065635681
0.059050083
0.053183079
0.057523489
0.058141232
0.057479143
0.058242798
0.055929184
0.056829691
0.055690289
0.054218769
0.054583311
0.059167147
0.059301615
0.053615332
0.060392857
0.059380054
0.057310343
0.060424805
0.061558723
0.061624527
0.056857347
0.055655956
0.057054520
0.058870316
0.057720661
0.057869673
0.058977604
0.059664249
0.057084799
0.058952332
0.056190729
0.058272123
0.056982040
0.058168650
0.064461470
0.057024956
0.061010361
0.059541941
0.059386730
0.064066887
0.058790922
0.058676481
0.058015347
0.056147337
0.056915998
0.056111813
0.056833506
0.058448553
0.057197094
0.058532238
0.056090832
0.057614803
0.056187868
0.056074619
0.056302547
0.055092812
0.052527189
0.059563160
0.057487011
0.054803371
0.060110807
0.058037996
0.058296680
0.059247971
0.061638832
0.059520721
0.060300827
0.060339689
0.058142185
0.062154055
0.060251713
0.057024002
0.056663275
0.059971094
0.058989286
0.056694984
0.057511806
0.057792664
0.063481808
0.064990282
0.064268827
0.058033228
0.058130026
0.057325840
0.057556391
0.062762022
0.058023453
0.055264950
0.057003260
0.057088614
0.057792425
0.057599306
0.059314013
0.056191444
0.058780432
0.059186697
0.058372974
0.058285236
0.057470322
0.059965134
0.056191206
0.055927277
0.055769682
0.052534103
0.058333874
0.060710669
0.056772947
0.061627865
0.063991547
0.066226006
0.056823015
0.059697151
0.066327810
0.059872627
0.058695793
0.063646793
0.058694124
0.058028936
0.058819294
0.058401108
0.058989763
0.058412075
0.060498714
0.058063984
0.054993629
0.056720972
0.056867838
0.057411194
0.057928324
0.058238029
0.058191299
0.057081461
0.060317039
0.054898977
0.057907343
0.057388544
0.054648161
0.055054903
0.059147596
0.057177544
0.057204008
0.057686090
0.058915615
0.056509256
0.055207968
0.058291197
0.054828405
0.057550907
0.055917025
0.053673744
0.056292295
0.065085649
0.058832645
0.058084965
0.059248447
0.057725668
0.059287548
0.058356524
0.061455250
0.058378220
0.060469627
0.056824684
0.061430454
0.057888031
0.058842182
0.059498072
0.059216261
0.057874680
0.055657864
0.057825804
0.058752537
0.061119318
0.055476665
0.058372974
0.064673424
0.058143139
0.058270931
0.060326338
0.057541132
0.054706812
0.054505825
0.057368040
0.058834076
0.059945107
0.058602095
0.059004068
0.053242445
0.061675787
0.057365179
0.058687210
0.058409214
0.054904938
0.055001259
0.059649706
0.057100058
0.055994987
0.053702354
0.059320688
0.054960251
0.055624962
0.054424524
0.056901693
0.056379795
0.057640791
0.058012962
0.056388378
0.058635950
0.052726746
0.056659460
0.055199385
0.052897453
0.059631586
0.062338114
0.065550804
0.059743643
0.058353424
0.058561802
0.058491230
0.056910753
0.057040691
0.057625771
0.057657957
0.057516575
0.056580305
0.061178684
0.056354046
0.058187485
0.057129383
0.057570457
0.057420015
0.056906462
0.057010174
0.057194471
0.059381723
0.057871342
0.056948185
0.055680513
0.057615995
0.056890011
0.057064295
0.056963921
0.056994200
0.056313515
0.054783821
0.058912992
0.058478355
0.058443308
0.058384895
0.054162979
0.058506727
0.059042692
0.064094543
0.067186356
0.057035685
0.054273129
0.057646036
0.058954716
0.053109884
0.053729534
0.053782940
0.057310820
0.058626175
0.057852983
0.056939602
0.060448885
0.058429480
0.064189672
0.057756424
0.057997704
0.057991505
0.058528185
0.057888269
0.057793856
0.058184862
0.054551840
0.055396080
0.062682152
0.059245348
0.056434870
0.057174921
0.054026127
0.055279255
0.057931662
0.058982372
0.058164835
0.057266474
0.060119629
0.057190657
0.056298494
0.055547237
0.052246094
0.055526972
0.058526754
0.055338144
0.059509039
0.059029341
0.062603951
0.060886860
0.059645414
0.058721066
0.058385372
0.058670044
0.064029932
0.053211927
0.059298515
0.059453964
0.060775995
0.061255693
0.059192419
0.057542324
0.057828903
0.059071064
0.056130886
0.057277918
0.058734894
0.058538675
0.058765888
0.059226274
0.054603815
0.064765453
0.059156179
0.054961205
0.058360100
0.058770895
0.061565161
0.054364681
0.058193922
0.058876991
0.055759668
0.054611921
0.063277245
0.061782122
0.064308167
0.058325291
0.054506779
0.056901932
0.055158377
0.055616379
0.054754972
0.054879189
0.055419683
0.055061817
0.054984808
0.054627895
0.054218531
0.054798841
0.054252863
