6.380249023
0.163809538
0.171314955
0.152181625
0.150831699
0.186134100
0.168965816
0.162267208
0.140731096
0.150665045
0.153742313
0.149356127
0.145170689
0.162843943
0.182830095
0.169721603
0.191472292
0.179919481
0.166252136
0.186964989
0.146584988
0.142766714
0.145575762
0.150747538
0.173485279
0.159146070
0.146331549
0.149485111
0.154573679
0.148004532
0.142898083
0.138112545
0.163775206
0.157685280
0.138950825
0.158794165
0.165041685
0.158397675
0.149690628
0.156530142
0.142815351
0.164324760
0.161917686
0.152282476
0.145918846
0.142437696
0.151092291
0.153935909
0.154795408
0.159538507
0.165088415
0.154754162
0.158827305
0.146268129
0.150464058
0.142008781
0.166943550
0.161065817
0.167575121
0.153920412
0.152223349
0.140899420
0.153207064
0.140429735
0.157437563
0.156536818
0.159732342
0.145856857
0.165046453
0.175783396
0.165439367
0.174023151
0.185478687
0.162782669
0.171284676
0.159330130
0.137881041
0.164201975
0.145397663
0.167127132
0.156618118
0.146101475
0.170767784
0.159588337
0.152995348
0.166617870
0.153617382
0.148002148
0.153855562
0.171494722
0.161769629
0.148292780
0.141548395
0.150931597
0.147902966
0.150700569
0.137057543
0.142674685
0.138385296
0.151857615
0.157488585
0.144679308
0.149124146
0.149206161
0.158852100
0.160676718
0.155813217
0.168590069
0.173956871
0.173967123
0.159724712
0.159709930
0.155936480
0.168069839
0.147142887
0.151605129
0.137278318
0.152571440
0.152926922
0.157389164
0.176836252
0.164874554
0.167555809
0.167110920
0.163429260
0.165269136
0.155911446
0.166529417
0.145993471
0.165255070
0.158453703
0.152009964
0.167769670
0.149199009
0.156231642
0.151586056
0.142188072
0.140245438
0.143844843
0.146528244
0.150825977
0.149359703
0.141595602
0.147938490
0.134664774
0.162592411
0.155843496
0.148491383
0.159651756
0.147810936
0.137466431
0.155605078
0.154625893
0.152079821
0.158157587
0.145357609
0.152750254
0.154254913
0.158430338
0.147534370
0.142759323
0.145395756
0.145543098
0.142220497
0.142844200
0.159365892
0.142140150
0.150832653
0.151060104
0.139815331
0.149557590
0.161930084
0.176881790
0.164251566
0.149421930
0.147916079
0.154466152
0.151571989
0.147171021
0.149246931
0.146864176
0.159657240
0.145316839
0.144145489
0.148756504
0.151903391
0.151499271
0.147860050
0.137577295
0.153831005
0.138626099
0.150005817
0.150719643
0.147608042
0.150364399
0.150496721
0.137801170
0.147935390
0.145907402
0.145862579
0.143833876
0.150397062
0.149120808
0.152744770
0.144306421
0.144985914
0.152463436
0.141218662
0.144697428
0.147438526
0.145307541
0.141755581
0.145836115
0.143486977
0.140745401
0.144612789
0.145407915
0.141019344
0.144247293
0.171330929
0.156618118
0.149172544
0.139434814
0.170079470
0.150889158
0.157330990
0.149393082
0.152013302
0.157757998
0.152063847
0.157699585
0.156049967
0.150001049
0.155447960
0.160741568
0.150682211
0.142199993
0.148073673
0.148374319
0.158077002
0.140130043
0.151521206
0.154487610
0.157781839
0.148642540
0.142781496
0.148279190
0.143901587
0.155175447
0.149307489
0.147716999
0.151396513
0.152380705
0.147565126
0.149929523
0.145319223
0.156983376
0.141178370
0.184442043
0.153538942
0.153867483
0.135927439
0.149870634
0.142402649
0.141563892
0.148376942
0.164757729
0.152837276
0.152905464
0.160575390
0.146493196
0.150751591
0.141085625
0.142035484
0.150721073
0.145110130
0.156331778
0.157947302
0.145144463
0.151845932
0.142836571
0.158083916
0.158821583
0.153099537
0.162897110
0.165320635
0.143947601
0.145412683
0.145770550
0.160174608
0.152782679
0.151858330
0.148433208
0.149451733
0.138174057
0.152673960
0.142617226
0.156286716
0.139600515
0.152191877
0.158991337
0.160549879
0.161259890
0.141026974
0.146535158
0.145603418
0.137982607
0.148009777
0.150476694
0.141386747
0.149585962
0.137038946
0.152983904
0.137347698
0.156478882
0.146413326
0.166395664
0.151257277
0.151285410
0.148669243
0.150331497
0.156351805
0.149787188
0.145154953
0.154532909
0.155266285
0.147851229
0.157265663
0.168452024
0.144062519
0.143131733
0.154213905
0.155603170
0.164520025
0.166662931
0.151208401
0.178719521
0.155408621
0.163384676
0.162532568
0.153448105
0.189324141
0.168345690
0.164423466
0.152309895
0.148733616
0.151429415
0.141269445
0.148982763
0.151066303
0.137770653
0.141373158
0.146797895
0.145658970
0.157133102
0.143069744
0.140375614
0.138646126
0.158380032
0.153193951
0.147938013
0.151197433
0.144090176
0.159285545
0.153024435
0.164572239
0.146791220
0.143020153
0.146676540
0.149890423
0.161321163
0.148467302
0.142319918
0.148999929
0.137869596
0.140448093
0.160650015
0.157856941
0.143298626
0.148745775
0.150599003
0.153627634
0.149910450
0.147440195
0.140902519
0.149517536
0.139627934
0.141422510
0.146425724
0.161079168
0.139513969
0.152067900
0.139690638
0.151525974
0.149845362
0.149055719
0.155557632
0.160281658
0.144819260
0.156964540
0.156359911
0.147175312
0.161471844
0.142387867
0.142019749
0.139096260
0.155933619
0.148699045
0.141653538
0.141436338
0.161735535
0.164630413
0.139239550
0.168780804
0.157155037
0.144327879
0.150108814
0.151166916
0.159375906
0.140539408
0.159533262
0.143119812
0.140045166
0.143843412
0.151909590
0.150219202
0.155780315
0.151063681
0.140343666
0.152019739
0.147636414
0.151142359
0.151002169
0.161290407
0.155064583
0.152942181
0.139538527
0.150550842
0.150062084
0.147688150
0.164943218
0.156257868
0.156539440
0.163039684
0.157597542
0.144525051
0.141717911
0.144336224
0.152174234
0.147762060
0.161418676
0.149765015
0.150976419
0.161376238
0.152029276
0.144840240
0.137699842
0.130375385
0.142978191
0.130208969
0.132827520
0.138669014
0.133864880
0.130284071
0.143393755
0.130110741
0.131769657
0.137132645
0.159317970
0.153915882
0.137576580
0.150314808
0.150812626
0.147060871
0.175478697
0.142443419
0.143280983
0.152392864
0.138211250
0.142643929
0.143611193
0.149750471
0.147074223
0.150193453
0.159369469
0.149748564
0.138454199
0.149264812
0.150838137
0.151268721
0.176866770
0.175817966
0.168524981
0.156092405
0.164753675
0.156802654
0.157832146
0.164549828
0.148758888
0.150879622
0.153111458
0.156283855
0.148489475
0.180025578
0.153814316
0.147829294
0.143769026
0.157080173
0.149260283
0.154068232
0.146972656
0.152695894
0.162574530
0.153738260
0.149100542
0.139842987
0.144292355
0.158717632
0.144747257
0.139186859
0.147608757
0.155935764
0.156699896
0.153293610
0.155045509
0.165283918
0.148711443
0.146953583
0.150269985
0.146178961
0.156747341
0.154700994
0.153169155
0.165920258
0.156500816
0.146094322
0.149831295
0.151727200
0.147321701
0.150503397
0.137030840
0.151790380
0.157368898
0.150331497
0.157532215
0.163896084
0.147581816
0.153125763
0.150841236
0.144435644
0.156630993
0.159844637
0.154675245
0.155881882
0.159321785
