0.000008583
0.004046917
0.002932787
0.002954245
0.008767843
0.003528118
0.003920317
0.004393578
0.003456593
0.004979372
0.003922939
0.004304647
0.002965689
0.003217459
0.004467249
0.007916689
0.002957344
0.003459692
0.005441666
0.003501892
0.003493071
0.010352373
0.002975464
0.002988815
0.002794027
0.006167889
0.002798080
0.004615068
0.003476381
0.006523132
0.003324747
0.003483772
0.004670143
0.005991697
0.003499269
0.004682541
0.010441303
0.005668640
0.006305933
0.005180836
0.003372192
0.003395796
0.003430605
0.004138708
0.004174232
0.006739855
0.005815744
0.004843235
0.002433300
0.009526730
0.004688025
0.004762173
0.007674217
0.003595591
0.007364988
0.004024029
0.004654169
0.004109859
0.003277063
0.003144026
0.005761385
0.002940655
0.002947330
0.003557444
0.009567738
0.003205061
0.003570795
0.004686832
0.002980471
0.004232883
0.003563166
0.004802942
0.003499746
0.003610849
0.003757238
0.003874063
0.003102064
0.003586531
0.004828930
0.007476330
0.005394459
0.003586054
0.002834320
0.003524303
0.003519297
0.005826235
0.004400492
0.003480911
0.003062248
0.003191233
