0.000006437
0.004532576
0.003710032
0.002818823
0.003911734
0.009009361
0.009445667
0.004474640
0.009280920
0.005969048
0.003522635
0.002826452
0.003339052
0.003527403
0.003139019
0.002842188
0.003962755
0.002772093
0.004625559
0.003396511
0.003138542
0.003052950
0.004000902
0.002854109
0.002692223
0.002985239
0.004656076
0.004036903
0.003011703
0.004639626
0.004671812
0.003301382
0.007059574
0.003289938
0.003754139
0.003709555
0.002835989
0.003157854
0.004513741
0.003618002
0.004502773
0.003750324
0.003248930
0.004717827
0.003406763
0.004024029
0.005831480
0.003069639
0.003571987
0.003466368
0.003132105
0.005756140
0.002945662
0.003121853
0.004085541
0.006454229
0.002820492
0.002862453
0.003537655
0.003082037
0.003998756
0.002938509
0.003111124
0.003577948
0.006441116
0.004667759
0.003108025
0.004835129
0.003128290
0.004682541
0.002825737
0.003454685
0.004179955
0.003154755
0.002998114
0.004679203
0.004092693
0.003072977
0.004000425
0.003746986
0.007895470
0.002891541
0.002963543
0.003405333
0.003448009
0.002817154
0.003325224
0.003481150
0.004693985
0.002655745
