1	864.4697265625	484.03564453125
2	867.73291015625	484.31298828125
3	872.67138671875	485.90380859375
4	876.78564453125	485.78955078125
5	878.74853515625	486.1015625
6	883.80078125	487.7998046875
7	886.8115234375	488.16064453125
8	891.0068359375	488.52783203125
9	895.20361328125	488.37939453125
10	897.8984375	489.55224609375
11	902.75390625	489.3984375
12	904.83251953125	490.27490234375
13	910.0146484375	491.54541015625
14	913.61474609375	491.3779296875
15	914.4970703125	491.51123046875
16	919.1328125	492.58642578125
17	922.9482421875	493.865234375
18	927.74072265625	493.46142578125
19	929.974609375	494.49560546875
20	932.3271484375	494.84716796875
21	937.1171875	495.22802734375
22	941.60498046875	495.96337890625
23	944.27734375	497.74853515625
24	946.55029296875	497.39697265625
25	951.0205078125	498.50732421875
26	954.77734375	499.21142578125
27	959.18798828125	500.10009765625
28	961.4580078125	499.86865234375
29	964.70751953125	499.61767578125
30	970.77197265625	501.56005859375
31	973.7060546875	501.28857421875
32	974.49462890625	501.41455078125
33	979.330078125	502.7744140625
34	983.62841796875	503.892578125
35	987.27783203125	503.61376953125
36	990.32568359375	503.47509765625
37	995.7939453125	505.8525390625
38	997.6181640625	505.2763671875
39	999.279296875	505.20947265625
40	1003.91796875	505.88916015625
41	1007.06494140625	507.451171875
42	1011.99755859375	509.44970703125
43	1017.56884765625	508.349609375
44	1020.61083984375	509.89599609375
45	1021.529296875	509.73779296875
46	1024.85693359375	509.8525390625
47	1028.5966796875	510.6357421875
48	1031.6806640625	511.73876953125
49	1034.43603515625	511.6474609375
50	1039.771484375	511.61767578125
51	1042.349609375	513.01611328125
52	1045.5703125	514.12353515625
53	1049.56005859375	514.51318359375
54	1052.58740234375	514.84375
55	1055.55615234375	514.9130859375
56	1060.41064453125	516.37939453125
57	1063.81298828125	516.1318359375
58	1067.52001953125	517.23876953125
59	1072.99951171875	517.79150390625
60	1074.4267578125	518.38720703125
61	1080.4921875	520.51513671875
62	1082.462890625	519.6015625
63	1084.40478515625	519.95751953125
64	1088.92919921875	520.08642578125
65	1093.24365234375	521.98974609375
66	1095.46142578125	521.1279296875
67	1099.50927734375	521.51904296875
68	1102.6494140625	523.6796875
69	1107.21728515625	523.05712890625
70	1109.92529296875	523.35498046875
71	1113.86865234375	523.6181640625
72	1116.31982421875	524.8037109375
73	1120.05712890625	524.8212890625
74	1123.66748046875	525.45947265625
75	1127.50732421875	526.92138671875
76	1129.783203125	527.490234375
77	1134.25341796875	527.7744140625
78	1136.82373046875	527.8056640625
79	1141.62890625	529.2744140625
80	1143.97119140625	529.5283203125
81	1147.17578125	529.3955078125
82	1152.79150390625	530.8994140625
83	1155.884765625	531.189453125
84	1160.41357421875	531.1650390625
85	1162.484375	532.0244140625
86	1167.58740234375	533.443359375
87	1168.763671875	533.8583984375
88	1172.9140625	534.0869140625
89	1177.17041015625	535.8916015625
90	1180.27392578125	535.85400390625
91	1184.47607421875	536.25341796875
92	1187.03662109375	536.8056640625
93	1191.20947265625	537.59130859375
94	1193.7314453125	538.27880859375
95	1197.87890625	539.1103515625
96	1203.6455078125	541.0400390625
97	1204.3828125	539.87158203125
98	1207.81396484375	540.50048828125
99	1212.71728515625	540.4814453125
100	1216.1796875	541.6650390625
101	1220.13671875	542.50634765625
102	1222.38671875	542.27197265625
103	1225.62060546875	542.95458984375
104	1228.72705078125	542.8115234375
105	1232.0869140625	543.22314453125
106	1235.59619140625	544.1416015625
107	1241.7021484375	545.2900390625
108	1243.3369140625	545.1904296875
109	1245.86328125	545.40869140625
110	1249.6552734375	546.8056640625
111	1254.59716796875	547.60791015625
112	1257.22607421875	547.1806640625
113	1260.31787109375	548.35498046875
114	1265.47900390625	549.0390625
115	1268.3408203125	549.185546875
116	1272.05029296875	550.1474609375
117	1274.9150390625	550.87939453125
118	1278.57470703125	551.1494140625
119	1284.01220703125	551.5126953125
120	1285.9794921875	552.1845703125
121	1288.61474609375	553.1494140625
122	1293.6708984375	553.57275390625
123	1297.8017578125	553.6181640625
124	1301.64794921875	555.2431640625
125	1303.548828125	555.12353515625
126	1308.45751953125	555.54443359375
127	1310.78515625	555.9404296875
128	1314.236328125	556.8369140625
129	1319.154296875	557.47412109375
130	1320.6044921875	557.61865234375
131	1325.21728515625	558.87158203125
132	1328.52392578125	559.49365234375
133	1333.90283203125	559.61865234375
134	1336.16259765625	560.501953125
135	1340.70849609375	562.2158203125
136	1342.580078125	561.27294921875
137	1346.4111328125	561.5205078125
138	1352.04150390625	563.66259765625
139	1353.95458984375	562.87451171875
140	1357.56591796875	563.61865234375
141	1363.1171875	564.3935546875
142	1364.787109375	564.828125
143	1368.26513671875	565.59228515625
144	1370.2900390625	565.61865234375
145	1376.16015625	567.5068359375
146	1377.7001953125	567.54638671875
147	1380.646484375	567.3017578125
148	1385.7119140625	568.50634765625
149	1388.30810546875	568.8544921875
150	1392.28173828125	568.97265625
151	1394.56201171875	570.15673828125
152	1400.04931640625	572.08349609375
153	1405.439453125	571.2978515625
154	1406.8486328125	571.38720703125
155	1409.84033203125	573.31884765625
156	1415.6142578125	572.88427734375
157	1416.8623046875	573.82177734375
158	1420.32275390625	573.83740234375
159	1424.44140625	575.255859375
160	1426.56201171875	575.39208984375
161	1430.662109375	575.24658203125
162	1434.54296875	577.30615234375
163	1439.2646484375	578.08740234375
164	1442.07861328125	577.56591796875
165	1444.27490234375	577.61865234375
166	1450.11083984375	579.0234375
167	1452.091796875	579.22802734375
168	1456.3642578125	580.08740234375
169	1461.23681640625	581.3076171875
170	1463.81396484375	581.63720703125
171	1466.31298828125	581.93798828125
172	1468.93701171875	582.21240234375
173	1472.92724609375	583.453125
174	1476.62646484375	583.771484375
175	1480.1298828125	584.30615234375
176	1485.271484375	585.68896484375
177	1488.56689453125	585.6494140625
178	1493.7109375	586.39990234375
179	1494.39599609375	586.43115234375
180	1497.705078125	587.54638671875
181	1500.515625	587.2216796875
182	1504.64208984375	587.40478515625
183	1509.05224609375	589.14208984375
184	1511.17919921875	588.99560546875
185	1514.83203125	589.3779296875
186	1519.1474609375	589.80615234375
187	1522.77490234375	591.2734375
188	1525.8701171875	591.04052734375
189	1529.41357421875	591.61865234375
190	1533.7880859375	593.611328125
191	1535.75390625	593.13427734375
192	1539.29345703125	593.89990234375
193	1542.74365234375	594.279296875
194	1548.1904296875	595.52880859375
195	1550.11962890625	595.1005859375
196	1553.0634765625	595.9150390625
197	1558.42236328125	597.4677734375
198	1561.41064453125	597.6982421875
199	1564.9716796875	598.212890625
200	1569.17431640625	598.259765625
201	1574.0302734375	599.83154296875
202	1575.85546875	599.478515625
203	1579.46142578125	599.98974609375
204	1584.8837890625	600.9931640625
205	1589.51806640625	602.6337890625
206	1591.06103515625	602.05712890625
207	1593.486328125	602.498046875
208	1598.94482421875	604.455078125
209	1600.89453125	604.14208984375
210	1603.705078125	604.3916015625
211	1608.39453125	606.244140625
212	1611.72607421875	605.3828125
213	1614.95361328125	606.369140625
214	1619.24560546875	607.77783203125
215	1621.12255859375	606.8359375
216	1625.3837890625	607.853515625
217	1629.57080078125	607.60302734375
218	1634.00439453125	608.806640625
219	1634.806640625	608.837890625
220	1639.07666015625	609.197265625
221	1643.15625	610.7333984375
222	1645.9365234375	610.931640625
223	1651.259765625	610.978515625
224	1654.048828125	611.619140625
225	1657.0361328125	613.025390625
226	1659.35546875	613.1728515625
227	1663.900390625	613.154296875
228	1668.125	614.88671875
229	1671.35888671875	614.86181640625
230	1673.23681640625	615.251953125
231	1677.388671875	615.58154296875
232	1681.97607421875	617.875
233	1686.1376953125	618.294921875
234	1688.52294921875	617.64111328125
235	1692.7353515625	618.80126953125
236	1695.5849609375	619.3271484375
237	1700.15087890625	619.86083984375
238	1701.90576171875	619.5654296875
239	1708.19775390625	621.8642578125
240	1708.39501953125	620.904296875
241	1712.68212890625	621.619140625
242	1718.17529296875	622.705078125
243	1722.23095703125	623.12158203125
244	1725.22119140625	624.208984375
245	1727.5966796875	623.619140625
246	1730.8759765625	625.681640625
247	1733.7353515625	625.203125
248	1737.732421875	625.71875
249	1740.375	625.96630859375
250	1744.5771484375	626.98779296875
251	1748.986328125	627.0751953125
252	1751.50146484375	627.619140625
253	1757.59326171875	629.56201171875
254	1761.1171875	629.326171875
255	1762.03125	629.27587890625
256	1768.4599609375	631.244140625
