0.002164602
0.000758171
0.016232252
0.011441708
0.009504557
0.000849724
0.000075579
0.000081539
0.000080109
0.000079870
0.000076771
0.000083923
0.000086069
0.000110626
0.000137806
0.000073671
0.000093460
0.000116587
0.000071526
0.000073433
0.000062466
0.000064850
0.000062227
0.000064373
0.000065088
0.000067234
0.000082493
0.000071049
0.000072479
0.000068426
0.000174522
0.000089645
0.000082016
0.000096083
0.000078678
0.000069857
0.000072718
0.000067949
0.000113726
0.000064373
0.000063658
0.000085115
0.000145674
0.000085115
0.000092268
0.000076771
0.000068426
0.000069618
0.000073433
0.000069141
0.000075340
0.000072718
0.000079870
0.000078678
0.000160456
0.000102043
0.000148773
0.000092268
0.000098467
0.000082016
0.000077486
0.000123501
0.000161648
0.000086069
0.000081778
0.000076294
0.000086546
0.000067949
0.000088215
0.000078678
0.000118017
0.000085831
0.000077009
0.000088692
0.000097275
0.000075817
0.000069857
0.000072718
0.000111580
0.000107527
0.000065088
0.000061512
0.000090122
0.000164270
0.000097513
0.000082493
0.000081539
0.000074625
0.000084639
0.000104666
0.000110626
0.000139952
0.000107288
0.000079393
0.000078917
0.000072718
0.000065327
0.000114679
0.000093699
0.000086308
0.000079870
0.000087023
0.000078201
0.000069141
0.000076532
0.000079870
0.000100613
0.000088453
0.000083923
0.000142336
0.000084162
0.000079632
0.000067711
0.000071287
0.000091553
0.000088215
0.000066280
0.000096560
0.000086784
0.000085831
0.000083447
0.000081539
0.000072718
0.000117540
0.000071049
0.000101805
0.000173569
0.000129223
0.000077248
0.000096321
0.000073433
0.000081778
0.000069857
0.000069380
0.000077009
0.000085831
0.000087976
0.000066042
0.000090361
0.000127316
0.000084162
0.000078201
0.000072956
0.000080585
0.000074625
0.000075102
0.000056982
0.000069380
0.000071526
0.000067711
0.000072718
0.000065327
0.000087500
0.000105858
0.000211477
0.000093937
0.000081778
0.000068903
0.000072479
0.000064135
0.000074148
0.000064611
0.000064850
0.000059605
0.000099182
0.000106573
0.000067711
0.000079393
0.000075340
0.000075579
0.000078440
0.000081778
0.000065565
0.000070810
0.000078440
0.000089169
0.000066280
0.000087500
0.000102282
0.000094652
0.000078917
0.000076294
0.000077724
0.000081062
0.000058889
0.000087976
0.000066042
0.000120163
0.000064373
0.000107527
0.000075579
0.000079155
0.000137091
0.000079393
0.000070572
0.000068426
0.000066757
0.000068188
0.000067711
0.000070810
0.000080109
0.000063896
0.000070810
0.000061750
0.000089645
0.000092506
0.000113964
0.000081301
0.000075579
0.000071049
0.000071287
0.000060081
0.000068665
0.000063419
0.000070095
0.000064373
0.000105858
0.000064135
0.000080585
0.000103712
0.000060558
0.000077486
0.000075817
0.000072479
0.000077009
0.000082493
0.000068903
0.000071764
0.000061274
0.000076532
0.000071049
0.000072002
0.000068188
0.000063658
0.000067711
0.000074148
0.000058174
0.000062466
0.000092268
0.000104189
0.000057459
0.000092268
0.000070572
0.000067234
0.000064373
0.000070333
0.000058174
0.000059366
0.000065804
0.000071049
0.000059843
0.000064611
0.000063658
0.000059843
0.000067711
0.000100374
0.000076056
0.000103951
0.000095606
0.000070810
0.000070572
0.000075817
0.000063419
0.000109673
0.000061035
0.000068665
0.000055790
0.000061989
0.000048637
0.000061512
0.000065804
0.000084877
0.000086069
0.000087500
0.000089407
0.000067949
0.000088215
0.000067949
0.000063896
0.000061989
0.000063419
0.000058889
0.000072956
0.000073671
0.000067711
0.000072718
0.000077963
0.000078678
0.000094414
0.000062704
0.000049591
0.000141859
0.000069857
0.000068665
0.000132561
0.000064611
0.000057697
0.000065088
0.000055790
0.000059366
0.000060320
0.000055075
0.000060081
0.000090837
0.000072718
0.000073433
0.000083685
0.000076056
0.000113487
0.000125408
0.000078917
0.000082731
0.000066280
0.000059366
0.000077486
0.000053644
0.000104904
0.000103951
0.000068903
0.000066280
0.000100136
0.000100613
0.000086784
0.000085592
0.000063896
0.000062227
0.000048637
0.000087023
0.000049353
0.000062227
0.000065565
0.000047445
0.000058413
0.000089645
0.000104904
0.000060081
0.000061750
0.000066519
0.000128984
0.000051737
0.000058413
0.000911951
0.000797033
0.000782490
0.000897169
0.002873898
0.000056505
0.000100613
0.000115633
0.000075817
0.000067234
0.000067234
0.000099897
0.000102758
0.000080347
0.000074387
