0.018258810
0.051795006
0.042447567
0.058252096
0.048153400
0.003039360
0.003830194
0.003820896
0.003823042
0.003838778
0.003847122
0.003831148
0.003783226
0.003639460
0.003698349
0.003863573
0.003808498
0.003695250
0.003871202
0.003734827
0.003849268
0.003840923
0.003886700
0.003830433
0.003864527
0.003862619
0.003696203
0.003816843
0.003839254
0.003804922
0.003531218
0.003695726
0.003726244
0.003821373
0.003652573
0.003875256
0.003842354
0.003823280
0.003458738
0.003866673
0.003859520
0.003782034
0.003447533
0.003835440
0.003714085
0.003806829
0.003869534
0.003678083
0.003832579
0.003833294
0.003661633
0.003837824
0.003766298
0.003754139
0.003112078
0.003772020
0.003473520
0.003818274
0.003698111
0.003808260
0.003836393
0.003612280
0.003563166
0.003815889
0.003842831
0.003795862
0.003761768
0.003870726
0.003701687
0.003796816
0.003649950
0.003813982
0.003856659
0.003724098
0.003822088
0.003832579
0.003778696
0.003828526
0.003553629
0.003597498
0.003883600
0.003867388
0.003811121
0.003333807
0.003796577
0.003836155
0.003803968
0.003806353
0.003843307
0.003619432
0.003747702
0.003618002
0.003686428
0.003827095
0.003813505
0.003803492
0.003831863
0.003681421
0.004096031
0.003778458
0.003861189
0.003787756
0.003798008
0.003862381
0.003813744
0.003854513
0.003632784
0.003391504
0.003814697
0.003532410
0.003735065
0.003793955
0.003920794
0.003815889
0.003814936
0.003712177
0.003840208
0.003829241
0.003825665
0.003769398
0.003813267
0.003786325
0.003858089
0.003553152
0.003841877
0.003800631
0.003218651
0.003561020
0.003849030
0.003790617
0.003876448
0.003852367
0.003759384
0.003859997
0.003704071
0.003813028
0.003581047
0.003844261
0.003838778
0.003651619
0.003823757
0.003844976
0.003820419
0.003795385
0.003752232
0.003760099
0.003872871
0.003854036
0.003794193
0.003818750
0.003847361
0.003830910
0.003868818
0.003503084
0.003330708
0.003781080
0.003869534
0.003878832
0.003852606
0.003670692
0.003822327
0.003858328
0.003855705
0.003890514
0.003793478
0.003345490
0.003860712
0.003830433
0.003877401
0.003892422
0.003823996
0.003833532
0.003831863
0.003831148
0.003714085
0.003717422
0.003859043
0.003711224
0.003665209
0.003806591
0.003859997
0.003849268
0.003776550
0.003751993
0.003887415
0.003700733
0.003874779
0.003626823
0.003835678
0.003827810
0.003895998
0.003852606
0.003561258
0.003777504
0.003866434
0.003834963
0.003840685
0.003834486
0.003627777
0.003816128
0.003776550
0.003878593
0.003727674
0.003916740
0.003825426
0.003652334
0.003742456
0.003661871
0.003872395
0.003860235
0.003854990
0.003882170
0.003760576
0.003858328
0.003854275
0.003835201
0.003651142
0.003847599
0.003824949
0.003593445
0.003877163
0.003832340
0.003816366
0.003815174
0.003943682
0.003773928
0.003795862
0.003852129
0.003869295
0.003745556
0.003844738
0.003804207
0.003815413
0.003876448
0.003844261
0.003857613
0.003896236
0.003869534
0.003865242
0.003611565
0.003920794
0.003827095
0.003864050
0.003910780
0.003870010
0.003905773
0.003928423
0.003911257
0.003855467
0.003926277
0.003893614
0.003860950
0.003853798
0.003899813
0.003929615
0.003611326
0.003759623
0.003760338
0.003754616
0.003875256
0.003691435
0.003839493
0.003886223
0.003561974
0.003870726
0.003859997
0.003906727
0.003915071
0.003923178
0.003843784
0.003858089
0.003828526
0.003696442
0.003810883
0.003723145
0.003863335
0.003829241
0.003763199
0.003789425
0.003895998
0.003896475
0.003877401
0.003909826
0.003801107
0.003872871
0.003730536
0.003829002
0.003759623
0.003656387
0.003888607
0.003906488
0.003566504
0.003885269
0.003872156
0.003593445
0.003882408
0.003926277
0.003773212
0.003884315
0.003862143
0.003801584
0.003922701
0.003867865
0.003800392
0.003748655
0.003744841
0.003859282
0.003715754
0.003726959
0.003404140
0.003743887
0.003866911
0.003857851
0.003872633
0.003708839
0.003907442
0.003608942
0.003612041
0.003862143
0.003824711
0.003594637
0.003595829
0.003808975
0.003699780
0.003847122
0.003854990
0.003913641
0.003600836
0.003907442
0.003684044
0.003590584
0.003894567
0.003878117
0.003661633
0.003756285
0.003905535
0.003793955
0.003788710
0.003418446
0.003901482
0.003882170
0.003043890
0.003036737
0.003094196
0.003085613
0.002538919
0.003945112
0.004065514
0.003378153
0.003849983
0.003836870
0.003840923
0.003747940
0.003778696
0.003914356
0.003897429
