0.000678301
0.008935928
0.001807928
0.000766516
0.002305031
0.000085354
0.000144482
0.000139236
0.000142097
0.000136375
0.000127316
0.000139713
0.000142574
0.000218630
0.000252247
0.000123262
0.000149727
0.000161171
0.000122309
0.000218630
0.000110626
0.000120163
0.000114679
0.000118017
0.000114918
0.000112057
0.000140429
0.000127316
0.000128746
0.000128269
0.000231981
0.000191689
0.000205517
0.000398159
0.000213623
0.000132322
0.000132799
0.000129938
0.000227690
0.000121832
0.000115395
0.000169754
0.000338078
0.000138760
0.000159025
0.000129461
0.000119209
0.000181437
0.000124454
0.000124454
0.000174522
0.000131130
0.000156641
0.000155449
0.000197172
0.000153303
0.000399828
0.000194311
0.000176907
0.000150442
0.000136375
0.000217438
0.000363350
0.000137091
0.000138998
0.000135660
0.000147104
0.000117540
0.000147581
0.000212431
0.000262976
0.000137806
0.000134468
0.000155210
0.000144482
0.000131130
0.000189066
0.000122309
0.000179768
0.000183105
0.000124931
0.000113726
0.000145435
0.000451326
0.000147820
0.000133753
0.000164747
0.000136852
0.000136614
0.000221729
0.000224113
0.000199795
0.000212908
0.000154972
0.000129700
0.000129938
0.000121593
0.000218868
0.000189066
0.000141382
0.000136137
0.000140429
0.000152349
0.000126362
0.000133991
0.000122786
0.000214338
0.000412941
0.000191927
0.000207901
0.000149965
0.000142574
0.000126123
0.000131845
0.000138283
0.000280380
0.000116587
0.000209570
0.000137568
0.000140667
0.000141144
0.000150204
0.000128508
0.000185728
0.000125885
0.000142097
0.000370026
0.000269651
0.000133514
0.000143290
0.000126600
0.000130892
0.000118494
0.000134230
0.000218868
0.000137806
0.000181437
0.000118017
0.000137091
0.000321627
0.000133753
0.000119925
0.000130415
0.000144958
0.000126839
0.000125170
0.000125885
0.000121832
0.000138283
0.000139952
0.000126839
0.000124693
0.000145674
0.000225544
0.000429153
0.000137091
0.000129700
0.000118732
0.000109911
0.000171900
0.000132799
0.000134945
0.000121593
0.000113249
0.000143290
0.000387192
0.000114679
0.000143290
0.000114918
0.000129461
0.000134468
0.000132084
0.000131130
0.000140667
0.000141621
0.000145435
0.000119448
0.000129938
0.000202894
0.000425339
0.000118017
0.000132084
0.000132799
0.000177383
0.000111103
0.000136375
0.000113964
0.000211477
0.000127792
0.000235796
0.000118494
0.000128746
0.000202894
0.000134468
0.000128746
0.000113249
0.000122786
0.000132084
0.000181437
0.000124216
0.000123739
0.000113726
0.000172615
0.000114441
0.000136852
0.000188828
0.000226259
0.000194788
0.000124693
0.000111580
0.000114918
0.000105619
0.000187159
0.000111341
0.000127554
0.000160456
0.000196218
0.000108957
0.000208139
0.000181913
0.000103474
0.000128746
0.000135660
0.000143766
0.000186443
0.000124931
0.000124931
0.000117540
0.000105858
0.000128031
0.000115633
0.000142574
0.000146627
0.000117302
0.000134945
0.000123262
0.000106573
0.000108957
0.000146389
0.000206947
0.000103951
0.000137568
0.000119925
0.000121117
0.000140190
0.000104666
0.000102282
0.000108480
0.000120878
0.000115633
0.000100851
0.000127792
0.000113249
0.000105858
0.000114441
0.000195980
0.000127554
0.000222683
0.000139475
0.000115156
0.000184774
0.000124693
0.000110149
0.000203848
0.000121593
0.000116110
0.000099897
0.000114441
0.000086546
0.000112772
0.000112295
0.000111818
0.000180244
0.000178337
0.000198841
0.000116825
0.000125647
0.000164986
0.000111341
0.000108242
0.000107288
0.000121117
0.000107765
0.000190735
0.000118494
0.000156879
0.000105381
0.000124931
0.000228167
0.000107288
0.000089645
0.000212908
0.000108242
0.000129700
0.000194788
0.000103951
0.000098228
0.000123978
0.000108480
0.000103474
0.000087261
0.000089407
0.000110149
0.000142336
0.000124693
0.000118017
0.000141382
0.000132799
0.000235558
0.000177145
0.000133276
0.000115395
0.000103474
0.000103712
0.000158310
0.000097513
0.000164986
0.000163794
0.000117779
0.000116825
0.000164270
0.000184298
0.000100851
0.000159979
0.000107288
0.000101805
0.000090122
0.000173092
0.000086308
0.000090599
0.000174046
0.000084877
0.000103474
0.000187635
0.000350952
0.000099897
0.000183582
0.000112295
0.000160456
0.000090837
0.000095367
0.000127554
0.000185490
0.000181913
0.000092030
0.000259876
0.000109196
0.000190496
0.000244141
0.000137568
0.000139475
0.000119686
0.000225544
0.000166178
0.000134945
0.000140429
