0.001148462
0.000036716
0.000038624
0.000023127
0.000042915
0.000020742
0.000023603
0.000024080
0.000025511
0.000024557
0.000022173
0.000023603
0.000033855
0.000042200
0.000033140
0.000025749
0.000026703
0.000040770
0.000024557
0.000029802
0.000026226
0.000024080
0.000022173
0.000019550
0.000034094
0.000020504
0.000033855
0.000042677
0.000020742
0.000027895
0.000068426
0.000032425
0.000034332
0.000022173
0.000043154
0.000023842
0.000025034
0.000025749
0.000051498
0.000024796
0.000021935
0.000037909
0.000063896
0.000033855
0.000035286
0.000027418
0.000027180
0.000029325
0.000028610
0.000020266
0.000030994
0.000026941
0.000032902
0.000027657
0.000206232
0.000039101
0.000046968
0.000027180
0.000023603
0.000023842
0.000027657
0.000047922
0.000044823
0.000024319
0.000026226
0.000024796
0.000024796
0.000023127
0.000031471
0.000024080
0.000034332
0.000029087
0.000017881
0.000031710
0.000028610
0.000032187
0.000030041
0.000025272
0.000055552
0.000037432
0.000028610
0.000017881
0.000037193
0.000056744
0.000032187
0.000026703
0.000030518
0.000027895
0.000036478
0.000040770
0.000030041
0.000052929
0.000033617
0.000019550
0.000027180
0.000026703
0.000025511
0.000040770
0.000027180
0.000032902
0.000029087
0.000025988
0.000019789
0.000022888
0.000027418
0.000027418
0.000039101
0.000060320
0.000030041
0.000067234
0.000020504
0.000027657
0.000028372
0.000031471
0.000032425
0.000036240
0.000030279
0.000031710
0.000031233
0.000031710
0.000022888
0.000026941
0.000029564
0.000054836
0.000024319
0.000031233
0.000067472
0.000035763
0.000025034
0.000025511
0.000023127
0.000027180
0.000029325
0.000023365
0.000024080
0.000032187
0.000047207
0.000027180
0.000032663
0.000043154
0.000029325
0.000027657
0.000023127
0.000034094
0.000036478
0.000027418
0.000015974
0.000028372
0.000028849
0.000030041
0.000025749
0.000027418
0.000033140
0.000046492
0.000068188
0.000028849
0.000027657
0.000020027
0.000024557
0.000061512
0.000025511
0.000018358
0.000026226
0.000023365
0.000038385
0.000043631
0.000028849
0.000022650
0.000017405
0.000028372
0.000030756
0.000019789
0.000027180
0.000026941
0.000035286
0.000034332
0.000024796
0.000035763
0.000033855
0.000032425
0.000025988
0.000026464
0.000027418
0.000030279
0.000015497
0.000036001
0.000025511
0.000031233
0.000031710
0.000025988
0.000021219
0.000022888
0.000048876
0.000039577
0.000024319
0.000023842
0.000028610
0.000019550
0.000042915
0.000025034
0.000036716
0.000028133
0.000028372
0.000024319
0.000034094
0.000039339
0.000032902
0.000045300
0.000029802
0.000027418
0.000026464
0.000023842
0.000027180
0.000028610
0.000025034
0.000018120
0.000045061
0.000025749
0.000026464
0.000042200
0.000023365
0.000023127
0.000030756
0.000023603
0.000020742
0.000021696
0.000027895
0.000027418
0.000021696
0.000029087
0.000028372
0.000028372
0.000025988
0.000021696
0.000029325
0.000018358
0.000026703
0.000027180
0.000032663
0.000044584
0.000030756
0.000027418
0.000024557
0.000023365
0.000021219
0.000015736
0.000028849
0.000020981
0.000018835
0.000021935
0.000022173
0.000019073
0.000020742
0.000022650
0.000025272
0.000042915
0.000030518
0.000030279
0.000030041
0.000023842
0.000049114
0.000031710
0.000024319
0.000046253
0.000020742
0.000028133
0.000024080
0.000025988
0.000024796
0.000031471
0.000019073
0.000033379
0.000028133
0.000023127
0.000034094
0.000020266
0.000029802
0.000025272
0.000027895
0.000025034
0.000027895
0.000020504
0.000020742
0.000033379
0.000018597
0.000043631
0.000022411
0.000030279
0.000044346
0.000025749
0.000020266
0.000064373
0.000023127
0.000022888
0.000049829
0.000023365
0.000025511
0.000028849
0.000024557
0.000027895
0.000030994
0.000023842
0.000026941
0.000037670
0.000033855
0.000032187
0.000032425
0.000038385
0.000028133
0.000047922
0.000028849
0.000023127
0.000025511
0.000026703
0.000047207
0.000019789
0.000047445
0.000043392
0.000025511
0.000023842
0.000034094
0.000041008
0.000033855
0.000046253
0.000030041
0.000025988
0.000023127
0.000053644
0.000021696
0.000025749
0.000065088
0.000024557
0.000024080
0.000040770
0.000031710
0.000021935
0.000020266
0.000023603
0.000048637
0.000021458
0.000022888
0.000014544
0.000019789
0.000016451
0.000016689
0.000106096
0.000037193
0.000046492
0.000055075
0.000031233
0.000025272
0.000023842
0.000023603
0.000036240
0.000018597
0.000019789
