27.86974334716797 1.0343599319458008 34.47852325439453
28.697439432144165 1.006896734237671 34.32368516921997
27.804287672042847 1.1155180931091309 34.35420250892639
27.448207139968872 1.0479905605316162 34.40868377685547
28.09846806526184 1.1163463592529297 34.40160155296326
25.58845019340515 0.9371159076690674 34.3648316860199
27.867142915725708 1.0282931327819824 34.35380744934082
23.266324043273926 0.9525830745697021 34.23939323425293
28.524179935455322 1.1857404708862305 34.44132947921753
20.856881856918335 1.0974400043487549 34.48386073112488
28.173309326171875 1.0900442600250244 34.41201686859131
19.63715386390686 1.036437749862671 34.44117975234985
