0.001480579
0.000456572
0.000420332
0.001114607
0.001695633
0.000267982
0.000053406
0.000041962
0.000075102
0.000027895
0.000042915
0.000027657
0.000029802
0.000025749
0.000074625
0.000062704
0.000027180
0.000033140
0.000073433
0.000036478
0.000075102
0.000032663
0.000033617
0.000080347
0.000042677
0.000073671
0.000074148
0.000031948
0.000061989
0.000024319
0.000029802
0.000032663
0.000073910
0.000073433
0.000038862
0.000026703
0.000061989
0.000076056
0.000123024
0.000032425
0.000025988
0.000042200
0.000033379
0.000024796
0.000027418
0.000054836
0.000045300
0.000031948
0.000024557
0.000026226
0.000078440
0.000075579
0.000075102
0.000029325
0.000075817
0.000045300
0.000032187
0.000031710
0.000040293
0.000041008
0.000074387
0.000028372
0.000026226
0.000049829
0.000075102
0.000025749
0.000074148
0.000075102
0.000038385
0.000065088
0.000073195
0.000027418
0.000031471
0.000059128
0.000025511
0.000032425
0.000074863
0.000076771
0.000066996
0.000075579
0.000076294
0.000061750
0.000028610
0.000073433
0.000034332
0.000034571
0.000040770
0.000074148
0.000055552
0.000028133
0.000031710
0.000026703
0.000037432
0.000025988
0.000024319
0.000030994
0.000032187
0.000026226
0.000025511
0.000025034
0.000025749
0.000034571
0.000028133
0.000075817
0.000025988
0.000073671
0.000166893
0.000041962
0.000050783
0.000034571
0.000041962
0.000025988
0.000028849
0.000025272
0.000024557
0.000024796
0.000067234
0.000073910
0.000035763
0.000025749
0.000084639
0.000051498
0.000025988
0.000025988
0.000075340
0.000029325
0.000081778
0.000029087
0.000047922
0.000025511
0.000024796
0.000032187
0.000075102
0.000051022
0.000032902
0.000068188
0.000073910
0.000027895
0.000032902
0.000075102
0.000045776
0.000073195
0.000070095
0.000033855
0.000028133
0.000096083
0.000082970
0.000076294
0.000034809
0.000027657
0.000025988
0.000026941
0.000073910
0.000025988
0.000059605
0.000027418
0.000038624
0.000073910
0.000029802
0.000046492
0.000075102
0.000073671
0.000027657
0.000024796
0.000026226
0.000024557
0.000032425
0.000030756
0.000074387
0.000074387
0.000055075
0.000069857
0.000069857
0.000025749
0.000073671
0.000073910
0.000033379
0.000025272
0.000032187
0.000026464
0.000026226
0.000032187
0.000031948
0.000031471
0.000026226
0.000031710
0.000026226
0.000031710
0.000061750
0.000073910
0.000075340
0.000028849
0.000074387
0.000066757
0.000027657
0.000025272
0.000026226
0.000025511
0.000024319
0.000024796
0.000031233
0.000030518
0.000073195
0.000032187
0.000041246
0.000073910
0.000074148
0.000075579
0.000075102
0.000065565
0.000026941
0.000027180
0.000029087
0.000025272
0.000064850
0.000027418
0.000025034
0.000025988
0.000033140
0.000075579
0.000034809
0.000042677
0.000026941
0.000025272
0.000073433
0.000040531
0.000026941
0.000138044
0.000075579
0.000057697
0.000100136
0.000102043
0.000026703
0.000026226
0.000028133
0.000026941
0.000026226
0.000025511
0.000027180
0.000048161
0.000025034
0.000074148
0.000032902
0.000030518
0.000025511
0.000026226
0.000037432
0.000025034
0.000024796
0.000026464
0.000073433
0.000026941
0.000026226
0.000025034
0.000026226
0.000061750
0.000074387
0.000027180
0.000031471
0.000025272
0.000074863
0.000027657
0.000025511
0.000073195
0.000026703
0.000028610
0.000025034
0.000025749
0.000025749
0.000026226
0.000074863
0.000049353
0.000074148
0.000026941
0.000039816
0.000026226
0.000074148
0.000104189
0.000025988
0.000026464
0.000024080
0.000028133
0.000058413
0.000074148
0.000075579
0.000043154
0.000043631
0.000027180
0.000076771
0.000066042
0.000069380
0.000025749
0.000026941
0.000025511
0.000075579
0.000075817
0.000062704
0.000028849
0.000073910
0.000047684
0.000056505
0.000030041
0.000024557
0.000025511
0.000030518
0.000076771
0.000026464
0.000031710
0.000057697
0.000026941
0.000025511
0.000031471
0.000024796
0.000072241
0.000041723
0.000073910
0.000027657
0.000037193
0.000031233
0.000032187
0.000054359
0.000034571
0.000032187
0.000062704
0.000075340
0.000026703
0.000025749
0.000033140
0.000062227
0.000032663
0.000025034
0.000041962
0.000073910
0.000058651
0.000043869
0.000088215
0.000034094
0.000033379
0.000082731
0.000041723
0.000074863
0.000031233
0.000037432
0.000072718
0.000032187
0.000072718
0.000041723
0.000073433
0.000025034
0.000025749
0.000026703
0.000039577
0.000073910
0.000036001
0.000031710
0.000024557
0.000024796
0.000024319
0.000059128
0.000033379
0.000074148
0.000032187
0.000028849
0.000031471
0.000025034
0.000024796
0.000062466
0.000025511
0.000025749
0.000043154
0.000031233
0.000028133
0.000026703
0.000073433
0.000158787
0.000027895
0.000077486
0.000026941
0.000055790
0.000060558
0.000069380
0.000073671
0.000063658
0.000026226
0.000036955
0.000028372
0.000026464
0.000037193
0.000089169
0.000059843
0.000027180
0.000027180
0.000039101
0.000068426
0.000033617
0.000025749
0.000025272
0.000074625
0.000074863
0.000064135
0.000074387
0.000026703
0.000075340
0.000072718
0.000028610
0.000025272
0.000026703
0.000059128
0.000025988
0.000032425
0.000075579
0.000042677
0.000032187
0.000072241
0.000026941
0.000062466
0.000026941
0.000028610
0.000074387
0.000073910
0.000027895
0.000026941
0.000073195
0.000027895
0.000026464
0.000073671
0.000025988
0.000025988
0.000068426
0.000027180
0.000073910
0.000025272
0.000025034
0.000036240
0.000033617
0.000042200
0.000031948
0.000068665
0.000024796
0.000025272
0.000075102
0.000063181
0.000179052
0.000034094
0.000036240
0.000035763
0.000098944
0.000067711
0.000028372
0.000025749
0.000026703
0.000031710
0.000075102
0.000036240
0.000026941
0.000074387
0.000033617
0.000024319
0.000067711
0.000026464
0.000032425
0.000073433
0.000068426
0.000035763
0.000025272
0.000024796
0.000025272
0.000025034
0.000035048
0.000050068
0.000073910
0.000025749
0.000074625
0.000025272
0.000026226
0.000073671
0.000044107
0.000025988
0.000073910
0.000074863
0.000060081
0.000054359
0.000032663
0.000024796
0.000025511
0.000049114
0.000042200
0.000027657
0.000027895
0.000028133
0.000029325
0.000031948
0.000033379
0.000026703
0.000026464
0.000032663
0.000024796
0.000032663
0.000029325
0.000074387
0.000054359
0.000036478
0.000024557
0.000034094
0.000075579
0.000075340
0.000042200
0.000069857
0.000028610
0.000025034
0.000093699
0.000073910
0.000028372
0.000073195
0.000068188
0.000102997
0.000032663
0.000025988
0.000031710
0.000044107
0.000027895
0.000062943
0.000075579
0.000075102
0.000074387
0.000068903
0.000025034
0.000058651
0.000036001
0.000026703
0.000076294
0.000068426
0.000055790
0.000026226
0.000027180
0.000059128
0.000028133
0.000031471
0.000026464
0.000027180
0.000030994
0.000063419
0.000026226
0.000073433
0.000075817
0.000025988
0.000025511
0.000025749
0.000025511
0.000026703
0.000074625
0.000033140
0.000025988
0.000025511
0.000040770
0.000032425
0.000068188
0.000025749
0.000073671
0.000083208
0.000026464
0.000031233
0.000133991
0.000036001
0.000083923
0.000036478
0.000096321
0.000030518
0.000038385
0.000057936
0.000025988
0.000043392
0.000026226
0.000026941
0.000075817
0.000079632
0.000063181
0.000076056
0.000057220
0.000033140
0.000024796
0.000031233
0.000026464
0.000066757
0.000030518
0.000073910
0.000030518
0.000074863
0.000034332
0.000031710
0.000027180
0.000029325
0.000089645
0.000093699
0.000074625
0.000055790
0.000121355
0.000074625
0.000026226
0.000030994
0.000175476
0.000078917
0.000031471
0.000025749
0.000067949
0.000069380
0.000077486
0.000042915
0.000075817
0.000030756
0.000026464
0.000073910
0.000051498
0.000058889
0.000041008
0.000052452
0.000059128
0.000029564
0.000027418
0.000026703
0.000068903
0.000057220
0.000025988
0.000031948
0.000074625
0.000039816
0.000025749
0.000025272
0.000059366
0.000027418
0.000068426
0.000073195
0.000034094
0.000031233
0.000026226
0.000062943
0.000063896
0.000024796
0.000067949
0.000026941
0.000062943
0.000032425
0.000025988
0.000097990
0.000041008
0.000034809
0.000030994
0.000031233
0.000085592
0.000074148
0.000028372
0.000025988
0.000073433
0.000068903
0.000063181
0.000035048
0.000025034
0.000052929
0.000067472
0.000032663
0.000025988
0.000026464
0.000091791
0.000065327
0.000074863
0.000026703
0.000049114
0.000032187
0.000025511
0.000074387
0.000072956
0.000029087
0.000073195
0.000073910
0.000033855
0.000025034
0.000074387
0.000075102
0.000025511
0.000073910
0.000074148
0.000046968
0.000034094
0.000031471
0.000024796
0.000032902
0.000025988
0.000025034
0.000073195
0.000035524
0.000028849
0.000026703
0.000073910
0.000025511
0.000025749
0.000073671
0.000074863
0.000031471
0.000026703
0.000026226
0.000026941
0.000033617
0.000042677
0.000025272
0.000055552
0.000033140
0.000062704
0.000028133
0.000025034
0.000074625
0.000027657
0.000034094
0.000075340
0.000025749
0.000032663
0.000025034
0.000025511
0.000031471
0.000073671
0.000041962
0.000027180
0.000025988
0.000074863
0.000075102
0.000055790
0.000073195
0.000067711
0.000025988
0.000031471
0.000025749
0.000074387
0.000036716
0.000074625
0.000028849
0.000075340
0.000026703
0.000058651
0.000074148
0.000059128
0.000055313
0.000025511
0.000074863
0.000075102
0.000025749
0.000075102
0.000066757
0.000041485
0.000039339
0.000032663
0.000026464
0.000026464
0.000032187
0.000074148
0.000035524
0.000025034
0.000025749
0.000073910
0.000026464
0.000036001
0.000031948
0.000026226
0.000027180
0.000073195
0.000024080
0.000026464
0.000130415
0.000032663
0.000046492
0.000092745
0.000045061
0.000051260
0.000028133
0.000027895
0.000027418
0.000072718
0.000026226
0.000031471
0.000027418
0.000024557
0.000074863
0.000035524
0.000045061
0.000074387
0.000030279
0.000075817
0.000024557
0.000030756
0.000028610
0.000066757
0.000026226
0.000032663
0.000073195
0.000093222
0.000035524
0.000068665
0.000035763
0.000030279
0.000026941
0.000025272
0.000075340
0.000034809
0.000042677
0.000025272
0.000032187
0.000074387
0.000031948
0.000075817
0.000073671
0.000027657
0.000025511
0.000025749
0.000073195
0.000041723
0.000038862
0.000068188
0.000067711
0.000074148
0.000118494
0.000075817
0.000076532
0.000033617
0.000027180
0.000067234
0.000117064
0.000037670
0.000026464
0.000026226
0.000025988
0.000063181
0.000041723
0.000075340
0.000034809
0.000075102
0.000043631
0.000074148
0.000025511
0.000049591
0.000027180
0.000073195
0.000074625
0.000029087
0.000027418
0.000031710
0.000025034
0.000061989
0.000039577
0.000069141
0.000025034
0.000056744
0.000029325
0.000024557
0.000033617
0.000025272
0.000024080
0.000033617
0.000026703
0.000073195
0.000027657
0.000073910
0.000028372
0.000075102
0.000025511
0.000031948
0.000026703
0.000025988
0.000035763
0.000073910
0.000027895
0.000073195
0.000026941
0.000024796
0.000063658
0.000024796
0.000025988
0.000074625
0.000045776
0.000030518
0.000072718
0.000094175
0.000030994
0.000075817
0.000063658
0.000044823
0.000025749
0.000025034
0.000025034
0.000025749
0.000026703
0.000026226
0.000063181
0.000074863
0.000028133
0.000026226
0.000028372
0.000026703
0.000104189
0.000034809
0.000099659
0.000032425
0.000105858
0.000027418
0.000074148
0.000073433
0.000073195
0.000074863
0.000025988
0.000057697
0.000055313
0.000032663
0.000034094
0.000031710
0.000074387
0.000026226
0.000025034
0.000024557
0.000026464
0.000026941
0.000043392
0.000027180
0.000028610
0.000038624
0.000026464
0.000068188
0.000063181
0.000026703
0.000073910
0.000031233
0.000055790
0.000024796
0.000068903
0.000077248
0.000075102
0.000034094
0.000025272
0.000024557
0.000067949
0.000073910
0.000030518
0.000072718
0.000074863
0.000059366
0.000031471
0.000073910
0.000026941
0.000075340
0.000026464
0.000064850
0.000057936
0.000081778
0.000028610
0.000041962
0.000073671
0.000029564
0.000031948
0.000024796
0.000027180
0.000024796
0.000025272
0.000037670
0.000030756
0.000041962
0.000066996
0.000027657
0.000032187
0.000024557
0.000024557
0.000025511
0.000133514
0.000025034
0.000027418
0.000074148
0.000068188
0.000068426
0.000029802
0.000075340
0.000035286
0.000067711
0.000032425
0.000025272
0.000025988
0.000058413
0.000027657
0.000067711
0.000026703
0.000074625
0.000028133
0.000025749
0.000024557
0.000027895
0.000075340
0.000074387
0.000026464
0.000067234
0.000062704
0.000035524
0.000025272
0.000026226
0.000074625
0.000047922
0.000025034
0.000025511
0.000034809
0.000073910
0.000032902
0.000028849
0.000025034
0.000075102
0.000030279
0.000030994
0.000024319
0.000026941
0.000028133
0.000073910
0.000073195
0.000031710
0.000063419
0.000064611
0.000025272
0.000176430
0.000044584
0.000046015
0.000097513
0.000037432
0.000075102
0.000028372
0.000031710
0.000074387
0.000046730
0.000032663
0.000026464
0.000067949
0.000063181
0.000047684
0.000072956
0.000074387
0.000026703
0.000062943
0.000026226
0.000025511
0.000025988
0.000073433
0.000040531
0.000024557
0.000024557
0.000032425
0.000025511
0.000098228
0.000073195
0.000036240
0.000024796
0.000027180
0.000036240
0.000072956
0.000028372
0.000074148
0.000034571
0.000072718
0.000026464
0.000073195
0.000026226
0.000031948
0.000031710
0.000034809
0.000025034
0.000031233
0.000025749
0.000026226
0.000025034
0.000026464
0.000025988
0.000026464
0.000042439
0.000028610
0.000024557
0.000027895
0.000027895
0.000028133
0.000173569
0.000074863
0.000077486
0.000037193
0.000037670
0.000041008
0.000073195
0.000031948
0.000039577
0.000026226
0.000081539
0.000070333
0.000026464
0.000074625
0.000041962
0.000026226
0.000027895
0.000073433
0.000054359
0.000062227
0.000026464
0.000073671
0.000051737
0.000026226
0.000027895
0.000074387
0.000032425
0.000025511
0.000025272
0.000073671
0.000068665
0.000027418
0.000039577
0.000032902
0.000025749
0.000024319
0.000024080
0.000024557
0.000025749
0.000029564
0.000046015
0.000028372
0.000030518
0.000084400
0.000032187
0.000026464
0.000025272
0.000075340
0.000053883
0.000076056
0.000026464
0.000038624
0.000034809
0.000024080
0.000029802
0.000062943
0.000032902
0.000075102
0.000025749
0.000075340
0.000026226
0.000025272
0.000074148
0.000029325
0.000085354
0.000027180
0.000025988
0.000073671
0.000027418
0.000053644
0.000025988
0.000072956
0.000025511
0.000044584
0.000044346
0.000077009
0.000089169
0.000046492
0.000042915
0.000032425
0.000064135
0.000031948
0.000024319
0.000025272
0.000032425
0.000027180
0.000062704
0.000074148
0.000027180
0.000025749
0.000072718
0.000074148
0.000025749
0.000074148
0.000032663
0.000025511
0.000026703
0.000052214
0.000041246
0.000073910
0.000043392
0.000032425
0.000068665
0.000074625
0.000031710
0.000025749
0.000024796
0.000026703
0.000074863
0.000026703
0.000026226
0.000066519
0.000073671
0.000032663
0.000042439
0.000054598
0.000045538
0.000025988
0.000025034
0.000054598
0.000073910
0.000044346
0.000029087
0.000027180
0.000034332
0.000062466
0.000073671
0.000052452
0.000059128
0.000076532
0.000066280
0.000078678
0.000074387
0.000032663
0.000026226
0.000025511
0.000073195
0.000075817
0.000045300
0.000031948
0.000040770
0.000073433
0.000028849
0.000037193
0.000073910
0.000024796
0.000025749
0.000068903
0.000032425
0.000032425
0.000024796
0.000032425
0.000074387
0.000041962
0.000069141
0.000033379
0.000074148
0.000028133
0.000058651
0.000038147
0.000067472
0.000075579
0.000076294
0.000027180
0.000026941
0.000032187
0.000025749
0.000076056
0.000029802
0.000025511
0.000063181
0.000030518
0.000045776
0.000069618
0.000074148
0.000051737
0.000073671
0.000031233
0.000074863
0.000073910
0.000028133
0.000032663
0.000025988
0.000025034
0.000032425
0.000025511
0.000031710
0.000075102
0.000073910
0.000075102
0.000040531
0.000073910
0.000026464
0.000073433
0.000063896
0.000026226
0.000025988
0.000024557
0.000104666
0.000102282
0.000034809
0.000084639
0.000042677
0.000074387
0.000037670
0.000025749
0.000074625
0.000028610
0.000031948
0.000040770
0.000052691
0.000032663
0.000075102
0.000025034
0.000028133
0.000025034
0.000024080
0.000026226
0.000074387
0.000034809
0.000025749
0.000024557
0.000028133
0.000041246
0.000042200
0.000034571
0.000024080
0.000030041
0.000025511
0.000073433
0.000074625
0.000024319
0.000115633
0.000035048
0.000095367
0.000054836
0.000030756
0.000025988
0.000062943
0.000030041
0.000036955
0.000025272
0.000031471
0.000031948
0.000028133
0.000024557
0.000069380
0.000068426
0.000032187
0.000025511
0.000073195
0.000026226
0.000025511
0.000082731
0.000035524
0.000073671
0.000071526
0.000076294
0.000074387
0.000062227
0.000030518
0.000068188
0.000029087
0.000024557
0.000034809
0.000026941
0.000039339
0.000024796
0.000025749
0.000036478
0.000092745
0.000072718
0.000025749
0.000032663
0.000031471
0.000056505
0.000031948
0.000054836
0.000074387
0.000040770
0.000073195
0.000026226
0.000074625
0.000075102
0.000075102
0.000075102
0.000029564
0.000026941
0.000025511
0.000795126
0.000708103
0.000715256
0.000699997
0.000663757
0.000080109
0.000028610
0.000028849
0.000025034
0.000030518
0.000029564
0.000031710
0.000026226
0.000081062
0.000030756
0.000077963
0.000029802
0.000077009
0.000027180
0.000076056
0.000029564
0.000045538
0.000027180
0.000029325
0.000077486
0.000027657
0.000076294
0.000028372
0.000076294
0.000026226
0.000077248
0.000029325
0.000076532
0.000028610
0.000074625
0.000030041
0.000077009
0.000027895
0.000076056
0.000071287
0.000112772
0.000040770
0.000092030
0.000028610
0.000076056
0.000026464
0.000224113
0.000061989
0.000077724
0.000027657
0.000077009
0.000043869
0.000078201
0.000032663
0.000076056
0.000028133
0.000077248
0.000028133
0.000046015
0.000029564
0.000028849
