0.001110792
0.019835711
0.000725269
0.044188023
0.021190882
0.000732660
0.001047611
0.001906395
0.001335621
0.000891209
0.000776768
0.000760078
0.000862122
0.002006531
0.001370668
0.000693083
0.000567436
0.000832796
0.000539303
0.000863552
0.000540972
0.000871181
0.000840902
0.000537872
0.000769138
0.000436068
0.000579596
0.000874996
0.000620842
0.000916481
0.000872612
0.000896215
0.000396490
0.000539541
0.000845432
0.002174139
0.000620604
0.000533581
0.000583410
0.000925064
0.001996756
0.000765085
0.000898361
0.001929283
0.000910282
0.000512838
0.000830412
0.001867533
0.002166033
0.000654697
0.000558615
0.000566006
0.000541449
0.000902176
0.000541687
0.000731707
0.000859261
0.000879526
0.000800610
0.000845432
0.000424623
0.000871420
0.001965284
0.000725508
0.000500202
0.000826120
0.000547647
0.000538826
0.000810146
0.000626326
0.000575542
0.000589848
0.002117634
0.000514746
0.000912905
0.000828505
0.000535727
0.000345707
0.000587702
0.000567198
0.000546217
0.000612974
0.000624418
0.000574589
0.000838041
0.000833988
0.000786304
0.000539541
0.000583887
0.000561237
0.000879765
0.000753164
0.000821829
0.001046181
0.002312422
0.001158237
0.000863314
0.000931025
0.001754999
0.002071619
0.001449585
0.000689268
0.000874996
0.000533342
0.000895500
0.000455141
0.000887632
0.000855684
0.000785112
0.001934290
0.001815319
0.000779390
0.000913382
0.001697779
0.001772404
0.002315760
0.000587702
0.000590086
0.000851870
0.002187490
0.000583410
0.000634193
0.000911236
0.000904322
0.000547647
0.000605822
0.000544071
0.000883818
0.000852346
0.001155376
0.001947880
0.000715256
0.000539303
0.000756741
0.000842094
0.000588655
0.000536919
0.000897884
0.001797438
0.000540733
0.000759125
0.000539303
0.000776768
0.000875473
0.000766039
0.000579834
0.000582457
0.000576973
0.000885963
0.001967669
0.000940084
0.000765562
0.000537872
0.000886202
0.000531912
0.000827312
0.000852346
0.000549793
0.000837564
0.000721455
0.000526905
0.000543594
0.000948429
0.002160549
0.001622200
0.001345158
0.001614809
0.002346516
0.000565767
0.000549793
0.000479460
0.000585318
0.000563383
0.000926018
0.000532866
0.000545502
0.000883818
0.000937462
0.001910925
0.001905680
0.001936436
0.000745535
0.000846863
0.000861406
0.002302885
0.001858234
0.001929045
0.002053499
0.000603437
0.000450373
0.000474215
0.000783682
0.000536203
0.000559092
0.000895977
0.002262354
0.001618862
0.001141548
0.001657486
0.001663685
0.001472950
0.000642776
0.000657797
0.000869989
0.000752687
0.000538349
0.000543594
0.000541687
0.000540733
0.000620365
0.000928640
0.000877142
0.001898050
0.002300739
0.000608444
0.000929832
0.002726078
0.001628160
0.001802921
0.000540972
0.000828028
0.000529051
0.000946283
0.002251625
0.001477718
0.000785589
0.002092838
0.000783920
0.000436068
0.000761271
0.000539303
0.000537872
0.000923872
0.002244949
0.000943184
0.002096415
0.002068281
0.002403498
0.001162052
0.000788450
0.002249718
0.000536919
0.000751972
0.000885963
0.000836134
0.000833273
0.000849724
0.001890421
0.001525164
0.002029657
0.001301289
0.000917912
0.001960993
0.002792835
0.002644539
0.000628233
0.000362158
0.002006292
0.001530170
0.001979828
0.000547409
0.000914097
0.000546932
0.000567436
0.000874281
0.001319647
0.001595259
0.001803637
0.001708508
0.002013445
0.001593828
0.000699520
0.000555515
0.000911713
0.000996113
0.001376390
0.000561953
0.000596285
0.000944138
0.001877069
0.001519680
0.014048100
0.000525951
0.000353813
0.000559330
0.000763655
0.000768661
0.000632048
0.000551462
0.000611305
0.000579357
0.000916243
0.002254725
0.002274513
0.000539064
0.000359535
0.000610828
0.000680447
0.000538588
0.000622272
0.000662327
0.000661373
0.001796246
0.001687050
0.002013445
0.000554085
0.000933886
0.000877142
0.000557184
0.000952482
0.000741720
0.000850439
0.001976728
0.000548840
0.000779867
0.000538349
0.000895977
0.000827789
0.000849724
0.000849962
0.000685930
0.000823021
0.000862598
0.000624657
0.000559807
0.000920057
0.001766920
0.000839710
0.000625134
0.000890970
0.001728058
0.000784636
0.000538111
0.000630617
0.000863314
0.000611782
0.000651360
0.000909328
0.000484228
0.000775576
0.000549316
0.000821352
0.000841379
0.000534534
0.000849009
0.000487089
0.000806093
0.000463963
0.000909090
0.001168251
0.001801729
0.000744820
0.000545740
0.000830650
0.000844002
0.001907587
0.001439810
0.001851082
0.000644922
0.000891685
0.000500917
0.000844955
0.000876665
0.000851154
0.000906706
0.001961231
0.000627756
0.000945807
0.000916481
0.001765966
0.002193689
0.000897884
0.000928164
0.001165390
0.000844479
0.000532627
0.000559330
0.000945330
0.000593662
0.000633717
0.000584841
0.000349283
0.000517845
0.000471115
0.000809669
0.000899076
0.001952887
0.001337767
0.000543118
0.000650644
0.000921488
0.000774145
0.000814438
0.000588179
0.000830173
0.000916719
0.001944542
0.000558853
0.000417709
0.000627279
0.000547647
0.000890493
0.000542402
0.000557899
0.000923872
0.002035379
0.001765490
0.000628233
0.000942230
0.000641346
0.000546932
0.000774860
0.000866652
0.000535488
0.000700951
0.000593662
0.000893593
0.000519276
0.000538111
0.000460148
0.000956774
0.000734806
0.000551224
0.000915289
0.002206802
0.000544786
0.000953436
0.002254963
0.000581980
0.000638723
0.000546455
0.000898361
0.001940250
0.001528740
0.002098083
0.000757217
0.000707865
0.000566483
0.000925303
0.000922203
0.000535727
0.000620365
0.000880241
0.000820637
0.001347065
0.001662493
0.000544310
0.000637054
0.000896215
0.002088070
0.001393080
0.000806093
0.000542164
0.000860214
0.002031565
0.000540972
0.000853062
0.000903130
0.000585556
0.000952005
0.000684977
0.000552416
0.000577450
0.000622511
0.000875235
0.001996994
0.000901461
0.001887560
0.001971722
0.000741482
0.000561953
0.000886917
0.000536203
0.000939608
0.001562834
0.000534773
0.000775099
0.000873804
0.000536203
0.000536919
0.000536680
0.000696182
0.000856400
0.001576424
0.001883984
0.001109362
0.000630617
0.000669956
0.001701832
0.000696659
0.001529932
0.000780344
0.000751257
0.000892878
0.000897884
0.000874519
0.001949549
0.001810074
0.001811266
0.000551939
0.000517607
0.000885010
0.002137661
0.001432180
0.000547409
0.000551224
0.000766516
0.000558853
0.000906467
0.002082586
0.000539064
0.000388622
0.000858068
0.000536919
0.000613213
0.000649452
0.000948429
0.000929356
0.002067804
0.001464367
0.001930475
0.000609398
0.000567436
0.000554085
0.000556707
0.000589848
0.000940084
0.000511169
0.000867367
0.002041101
0.000509739
0.000580549
0.000683546
0.000680685
0.000881195
0.000650883
0.000660181
0.000847578
0.001547813
0.001742840
0.001795292
0.000509262
0.000885963
0.000548363
0.000457525
0.000928164
0.001733303
0.001567841
0.002019644
0.001859903
0.000546217
0.000867605
0.001885414
0.001760006
0.000793934
0.000846624
0.000589609
0.000935316
0.000552177
0.000545025
0.000925303
0.000729561
0.000781059
0.000897169
0.000625610
0.000883102
0.000462770
0.000886202
0.000524044
0.000619888
0.000888348
0.000709057
0.002093077
0.000898600
0.000541925
0.000483513
0.000625134
0.000552416
0.000732422
0.000887394
0.001874208
0.000762463
0.000938654
0.000582218
0.000914335
0.000538111
0.000873089
0.000572205
0.000831604
0.000846624
0.000953913
0.000758886
0.000520945
0.000537872
0.000386715
0.000648975
0.000638008
0.000560760
0.000925779
0.000916243
0.000918627
0.000567913
0.000924349
0.001866341
0.000590086
0.000552177
0.000456095
0.000760317
0.000562668
0.000873804
0.001838684
0.000535727
0.000476360
0.000509262
0.000807762
0.000694752
0.000636339
0.000869751
0.000885725
0.001044989
0.000573635
0.000668287
0.000915766
0.000844002
0.000548124
0.000790596
0.000910282
0.001697540
0.000602245
0.000924826
0.000574589
0.000537395
0.000872850
0.000896692
0.001810074
0.000622034
0.000665903
0.000948429
0.000586510
0.000678539
0.000625134
0.000853062
0.002053976
0.000673532
0.000873804
0.002275705
0.002036810
0.001824141
0.001366138
0.000546217
0.000919104
0.000797272
0.000537157
0.000594616
0.000630379
0.000790358
0.001809835
0.001631498
0.000597239
0.000866890
0.000935793
0.000767708
0.000535011
0.000566959
0.000537157
0.000892878
0.000858307
0.000866413
0.001676321
0.000537157
0.000372171
0.000743151
0.000535727
0.000538349
0.000863075
0.001771450
0.000538111
0.000537395
0.000898123
0.000453234
0.000540257
0.000761986
0.000796795
0.000880480
0.001696110
0.001743317
0.001952171
0.002191782
0.000544071
0.000824213
0.000943184
0.000760078
0.000529766
0.000909805
0.001792908
0.000565529
0.000547409
0.000868559
0.002303600
0.001627445
0.001025915
0.000758886
0.000782251
0.000891685
0.000684261
0.000790596
0.000631571
0.000921965
0.000909567
0.000553608
0.000931740
0.000734329
0.000536442
0.000900269
0.000876427
0.001908779
0.002222776
0.000592470
0.000465870
0.000883818
0.000994205
0.000648022
0.000563860
0.000556946
0.000824690
0.001413345
0.000567675
0.000892401
0.000893593
0.002005816
0.000583649
0.000809431
0.000536919
0.000900745
0.000536680
0.000869513
0.000480652
0.000536203
0.000647068
0.000685692
0.000816584
0.000536203
0.000512838
0.000933886
0.000542641
0.000820875
0.000776529
0.000600815
0.000846624
0.001883507
0.001602650
0.000759602
0.000546932
0.000828505
0.002108812
0.001945019
0.000536919
0.000936031
0.000808716
0.000860691
0.001994371
0.000772715
0.000534296
0.000924826
0.000842810
0.000648975
0.000892878
0.000751495
0.000441074
0.000839472
0.000704288
0.000910282
0.001791477
0.001915932
0.000538826
0.000895739
0.000881910
0.000926971
0.002159357
0.000532866
0.000754118
0.000760317
0.000552654
0.000740051
0.000547886
0.000941753
0.000928164
0.000881910
0.000577450
0.000894785
0.000836849
0.000541687
0.000553131
0.000889063
0.000585556
0.000873804
0.000924587
0.001979828
0.001876593
0.000531673
0.000827074
0.000764132
0.000948429
0.000937223
0.000537157
0.000878811
0.000530958
0.000545979
0.000967979
0.002274275
0.001789808
0.000534534
0.000791550
0.000810862
0.000603437
0.000588417
0.000536442
0.000599384
0.000602961
0.000333548
0.000843763
0.000796556
0.000579119
0.000830650
0.000947237
0.000893593
0.000934601
0.000890255
0.000603199
0.000797510
0.000539541
0.000839710
0.000536680
0.000769854
0.000434160
0.000897884
0.000696421
0.000529051
0.000533819
0.000536203
0.000924349
0.000958204
0.000910282
0.002182961
0.000631809
0.000821352
0.000580549
0.000924826
0.000659466
0.000886202
0.001951933
0.000720501
0.002269030
0.002822638
0.001463175
0.001846790
0.000544786
0.000890255
0.000545740
0.000926018
0.000545263
0.000891209
0.000843525
0.001647711
0.001494408
0.001339674
0.001184464
0.000865698
0.000533104
0.000922680
0.001783848
0.000485897
0.000946999
0.001622200
0.000537157
0.000738621
0.000869513
0.000379324
0.000533819
0.000895977
0.000536442
0.000565529
0.000756025
0.000928879
0.001940727
0.002023697
0.002446413
0.001609802
0.001346111
0.000624418
0.000477791
0.000965357
0.002007008
0.000747681
0.000917912
0.000639915
0.000485897
0.000576735
0.000709057
0.000533819
0.000887394
0.000558615
0.000361443
0.000532389
0.000539303
0.000929594
0.000531435
0.000659466
0.000840425
0.000821829
0.000890017
0.000535965
0.000925064
0.001783848
0.001263618
0.001837969
0.001073599
0.000685453
0.000695944
0.001641989
0.001730919
0.000775576
0.000569582
0.000615120
0.000932693
0.000545979
0.000911236
0.001585007
0.000894785
0.000585318
0.000505447
0.000545263
0.000866175
0.001912117
0.001869678
0.000588417
0.000591040
0.000900269
0.000536203
0.000542402
0.000552893
0.000957727
0.000436783
0.000945807
0.000504971
0.000932455
0.000440836
0.000513315
0.000537157
0.000907421
0.000760317
0.000542641
0.000873327
0.000889063
0.001325369
0.001710176
0.001783848
0.002431870
0.001079798
0.001371622
0.001787186
0.000550032
0.000867367
0.000843048
0.001991510
0.002056837
0.001926661
0.000569105
0.000948906
0.001904488
0.000577688
0.000580311
0.000581026
0.000905752
0.000536680
0.000876427
0.000606298
0.000882387
0.001750469
0.001418114
0.000547647
0.000931025
0.000542879
0.000908375
0.000546932
0.000926256
0.001832247
0.001544237
0.001574278
0.001222134
0.000560522
0.000550985
0.000595570
0.000608921
0.000884295
0.001987934
0.001741886
0.000534534
0.000730991
0.000916243
0.001882315
0.000648260
0.000534058
0.000838518
0.000888109
0.002126455
0.000535965
0.000872612
0.000903845
0.002117872
0.001437187
0.013165712
0.000536680
0.000537872
0.000863314
0.000622988
0.000483036
0.001930952
0.000870228
0.000743389
0.000908613
0.000541210
0.000861883
0.000534534
0.000700951
0.000866652
0.000541687
0.000774384
0.000929594
0.000917196
0.000595331
0.000622749
0.000766277
0.000436544
0.000555992
0.000933409
0.000621557
0.000943899
0.002277374
0.002144098
0.000543118
0.000801563
0.000993490
0.001803875
0.001785040
0.001231909
0.000759125
0.000534058
0.000818968
0.001501560
0.001772404
0.012959957
0.000550270
0.000901222
0.000538826
0.000829935
0.000550270
0.000921249
0.000545979
0.000902653
0.000871658
0.000850916
0.000854969
0.000930786
0.000869513
0.001772881
0.001987934
0.001902103
0.001452208
0.001461983
0.001636505
0.000580311
0.001041412
0.002278805
0.002243042
0.000893116
0.000941753
0.000698805
0.000599146
0.000556469
0.000860453
0.000675917
0.000786066
0.000544548
0.000854969
0.001873493
0.002060890
0.000467062
0.000338078
0.001488209
0.000555515
0.000756025
0.002240419
0.001280785
0.000554323
0.000696898
0.000631809
0.000907898
0.000571251
0.000658274
0.000927687
0.000683546
0.000559092
0.000874043
0.001805782
0.002603054
0.000559330
0.000538588
0.000936270
0.002017021
0.002075911
0.000795364
0.002090693
0.001948118
0.002175570
0.001304388
0.001512766
0.001315594
0.001468658
0.001199245
0.000576973
0.000697136
0.000887156
0.000720024
0.000544071
0.000586748
0.000534773
0.000815630
0.000869274
0.002021074
0.001516819
0.001381874
0.000555515
0.000897408
0.000548363
0.000938654
0.000531435
0.000787258
0.000927687
0.000545979
0.000920534
0.000538349
0.000942707
0.001819134
0.000555515
0.000938892
0.000686884
0.000919104
0.000545740
0.000905037
0.000567198
0.000782013
0.000685453
0.000574827
0.000841379
0.000865936
0.000898361
0.000553131
0.000821829
0.001613379
0.002721071
0.000885010
0.002263069
0.000627756
0.000464678
0.000968218
0.001180887
0.000468016
0.000572205
0.000922680
0.000331402
0.000746489
0.000893116
0.000756741
0.000710487
0.000781298
0.000532627
0.000780106
0.000890493
0.000581741
0.000533581
0.000880480
0.001865149
0.002040386
0.002700806
0.000516415
0.000890732
0.000961065
0.000598669
0.000483513
0.000844955
0.000825644
0.000684023
0.000735044
0.000875711
0.001836300
0.000543118
0.000543356
0.000758171
0.001837492
0.001870394
0.000629663
0.000621557
0.000542164
0.000443935
0.000648260
0.000591278
0.000572681
0.000309229
0.000344992
0.000857592
0.000774622
0.002258301
0.000542641
0.000536680
0.000764608
0.000869274
0.000784874
0.000557184
0.000876188
0.002053022
0.000545025
0.000942707
0.002143860
0.000565767
0.000847578
0.000797510
0.000925303
0.000822306
0.000533581
0.000807285
0.000583649
0.000822783
0.000539780
0.000940561
0.000660896
0.000855446
0.000603914
0.000532150
0.000536203
0.000928402
0.000885487
0.000849724
0.001762390
0.000540257
0.000919580
0.001569510
0.000594139
0.000884771
0.001874924
0.000593901
0.000566483
0.000712395
0.000556469
0.000862122
0.000531435
0.000554800
0.000658274
0.000881195
0.001930952
0.002555370
0.000746727
0.002015114
0.002160788
0.000536442
0.000350237
0.000532627
0.000786781
0.000545263
0.000739813
0.000495672
0.000599623
0.000893116
0.002004147
0.002078056
0.000578880
0.000579119
0.000867367
0.000620365
0.000771999
0.000549555
0.000820160
0.001954794
0.000535250
0.000864744
0.000884533
0.000874519
0.001122713
0.000839710
0.000530958
0.000844479
0.000694275
0.000963211
0.001869678
0.002242804
0.000545740
0.000865221
0.001929045
0.001401186
0.001442671
0.001456976
0.000662565
0.000783205
0.001929045
0.000956535
0.000907183
0.000548363
0.000532150
0.000927210
0.000670671
0.000888348
0.000557423
0.000745296
0.001904964
0.001884222
0.000612497
0.000568390
0.000837803
0.000902653
0.000592470
0.000875711
0.000746012
0.001989126
0.001152277
0.000597954
0.000952721
0.000932693
0.000533581
0.000534773
0.002192974
0.000536919
0.000821829
0.000539541
0.000523329
0.000514746
0.000539780
0.000639915
0.000877380
0.001088142
0.000872850
0.001833439
0.000766277
0.002276182
0.000773668
0.002289772
0.001610518
0.001575470
0.001064062
0.000555277
0.000915527
0.001694918
0.000747919
0.000472307
0.000701904
0.000686407
0.000421286
0.000782013
0.000553846
0.000636101
0.000542164
0.000542641
0.000537634
0.000538349
0.000900030
0.002739668
0.001550198
0.001063585
0.000514507
0.000479460
0.000523806
0.000738621
0.000680923
0.000883818
0.000891209
0.000902653
0.000897884
0.000884056
0.000893116
0.000901699
0.000557184
0.000868559
0.000528574
0.000894785
0.000558376
0.000898361
0.000554562
0.000882626
0.000837564
0.000898600
0.000861168
0.000530243
0.000909090
0.000555038
0.000887156
0.000541449
0.000906944
0.000545025
0.000892639
0.000545740
0.000907183
0.000555992
0.000877142
0.000524759
0.000900507
0.000557899
0.000863552
0.000670433
0.000880957
0.000590801
0.000910282
0.000545740
0.000927925
0.001071692
0.000875950
0.000574350
0.000900745
0.000578403
0.000880718
0.000551224
0.000885963
0.000574589
0.000901699
0.000553131
0.000905991
0.000842094
0.000897884
0.000906944
