0.001797915
0.000737429
0.001890421
0.008331060
0.005131483
0.000940800
0.000034094
0.000030994
0.000029087
0.000027895
0.000029564
0.000031471
0.000042200
0.000051260
0.000037670
0.000037670
0.000028133
0.000070333
0.000029325
0.000027418
0.000051498
0.000030518
0.000029564
0.000042677
0.000076771
0.000119686
0.000052214
0.000075579
0.000065327
0.000064135
0.000051975
0.000046253
0.000070572
0.000034809
0.000069857
0.000025988
0.000026226
0.000036001
0.000052452
0.000039816
0.000031471
0.000044584
0.000052691
0.000076294
0.000048876
0.000038385
0.000032902
0.000046492
0.000051022
0.000096798
0.000026703
0.000034332
0.000069857
0.000104189
0.000044107
0.000071049
0.000063896
0.000057459
0.000051022
0.000031948
0.000043154
0.000025988
0.000033855
0.000050068
0.000040770
0.000076294
0.000076771
0.000075817
0.000028133
0.000050068
0.000060558
0.000033140
0.000029325
0.000033617
0.000026226
0.000064135
0.000050306
0.000031948
0.000036478
0.000042915
0.000035524
0.000034094
0.000029564
0.000050783
0.000059605
0.000041962
0.000031948
0.000031233
0.000059605
0.000050068
0.000051260
0.000050306
0.000053883
0.000056505
0.000037193
0.000036478
0.000050545
0.000044584
0.000081062
0.000063896
0.000076294
0.000076056
0.000030041
0.000041008
0.000028133
0.000030518
0.000042439
0.000032187
0.000035048
0.000031710
0.000048161
0.000037193
0.000051737
0.000076532
0.000069141
0.000064373
0.000053167
0.000094652
0.000034571
0.000027895
0.000050545
0.000053883
0.000051260
0.000034571
0.000034094
0.000059128
0.000034332
0.000029325
0.000053406
0.000049591
0.000038862
0.000041485
0.000029325
0.000042915
0.000059366
0.000030756
0.000044346
0.000034809
0.000030041
0.000049591
0.000049829
0.000039339
0.000034332
0.000027418
0.000070572
0.000043631
0.000076056
0.000049591
0.000034332
0.000028133
0.000070572
0.000071764
0.000079393
0.000041008
0.000070095
0.000038385
0.000041723
0.000030518
0.000035524
0.000030756
0.000034332
0.000050068
0.000026464
0.000049591
0.000050068
0.000052214
0.000077009
0.000026464
0.000025749
0.000063896
0.000050068
0.000045776
0.000043631
0.000033617
0.000034094
0.000050545
0.000049114
0.000043869
0.000030041
0.000031233
0.000025511
0.000037193
0.000055075
0.000032425
0.000055313
0.000049829
0.000052929
0.000078678
0.000033855
0.000087261
0.000030518
0.000026703
0.000042200
0.000064611
0.000027180
0.000044346
0.000043392
0.000030041
0.000050545
0.000033617
0.000026464
0.000030756
0.000032425
0.000075102
0.000069141
0.000076056
0.000063896
0.000033855
0.000051498
0.000030756
0.000051737
0.000052214
0.000044584
0.000032187
0.000053406
0.000031471
0.000031233
0.000066042
0.000027895
0.000076294
0.000027180
0.000038624
0.000036001
0.000025988
0.000050783
0.000045776
0.000049829
0.000082254
0.000043392
0.000044107
0.000089645
0.000047207
0.000070095
0.000040531
0.000059128
0.000034571
0.000051022
0.000049114
0.000035763
0.000038147
0.000032425
0.000043392
0.000037909
0.000049591
0.000041723
0.000025749
0.000035286
0.000050068
0.000042200
0.000049591
0.000052929
0.000043869
0.000034809
0.000077724
0.000028372
0.000042439
0.000035048
0.000027180
0.000042915
0.000053167
0.000050306
0.000042915
0.000033140
0.000033617
0.000037909
0.000041008
0.000075102
0.000053406
0.000044823
0.000040293
0.000050545
0.000044346
0.000039101
0.000049591
0.000036716
0.000036240
0.000027180
0.000027418
0.000025988
0.000032663
0.000050783
0.000031948
0.000032425
0.000050783
0.000030756
0.000054598
0.000050068
0.000052214
0.000056982
0.000050545
0.000043154
0.000031233
0.000053167
0.000055552
0.000051975
0.000057936
0.000032187
0.000032187
0.000060558
0.000051975
0.000050545
0.000053167
0.000035763
0.000049829
0.000052929
0.000048637
0.000067472
0.000036716
0.000031233
0.000057459
0.000041962
0.000075340
0.000081539
0.000082970
0.000085354
0.000027657
0.000049829
0.000034571
0.000030756
0.000042915
0.000032425
0.000043631
0.000033617
0.000048399
0.000029564
0.000050306
0.000041485
0.000091314
0.000057459
0.000070572
0.000052929
0.000033855
0.000048876
0.000053406
0.000049829
0.000041962
0.000043392
0.000087261
0.000056982
0.000076294
0.000026941
0.000032663
0.000056028
0.000060320
0.000048399
0.000049591
0.000030041
0.000050306
0.000049353
0.000049829
0.000050545
0.000039577
0.000059605
0.000113249
0.000031233
0.000038862
0.000092268
0.000025988
0.000030279
0.000027418
0.000033617
0.000036240
0.000034571
0.000052929
0.000061989
0.000052691
0.000028849
0.000074863
0.000054121
0.000098467
0.000026464
0.000033140
0.000033855
0.000027418
0.000033855
0.000050545
0.000049591
0.000049829
0.000050306
0.000055552
0.000051260
0.000043154
0.000075817
0.000056744
0.000050783
0.000030994
0.000053406
0.000056505
0.000035763
0.000026703
0.000031471
0.000033140
0.000032663
0.000050545
0.000041962
0.000066757
0.000041246
0.000078440
0.000042915
0.000027180
0.000027418
0.000032425
0.000050783
0.000032902
0.000034571
0.000027657
0.000060320
0.000042677
0.000027895
0.000026226
0.000051975
0.000044584
0.000056267
0.000032187
0.000050783
0.000042915
0.000040293
0.000076294
0.000050306
0.000075817
0.000027180
0.000034809
0.000026226
0.000068665
0.000050545
0.000031948
0.000032187
0.000048161
0.000051975
0.000041723
0.000060797
0.000040770
0.000036240
0.000074625
0.000034094
0.000032425
0.000042200
0.000029087
0.000025749
0.000026226
0.000050783
0.000050068
0.000060558
0.000047684
0.000052929
0.000052691
0.000057697
0.000051022
0.000031233
0.000050783
0.000028849
0.000076532
0.000027895
0.000027180
0.000029325
0.000033855
0.000028610
0.000052214
0.000040531
0.000031471
0.000041962
0.000033855
0.000066280
0.000050306
0.000082493
0.000043631
0.000053406
0.000035763
0.000035286
0.000076771
0.000027895
0.000035763
0.000029087
0.000042439
0.000054121
0.000135183
0.000075579
0.000027657
0.000057697
0.000051498
0.000050545
0.000033140
0.000058651
0.000076294
0.000025988
0.000027418
0.000051737
0.000051260
0.000031233
0.000075102
0.000051737
0.000044107
0.000050783
0.000060797
0.000036001
0.000065565
0.000052929
0.000041008
0.000035763
0.000051737
0.000074863
0.000030279
0.000029325
0.000032902
0.000030994
0.000050783
0.000033140
0.000026464
0.000025511
0.000031471
0.000063896
0.000034571
0.000075817
0.000075102
0.000061035
0.000047445
0.000041962
0.000047684
0.000038862
0.000030756
0.000051498
0.000083685
0.000027180
0.000034332
0.000032425
0.000049829
0.000050783
0.000038862
0.000055313
0.000045061
0.000050068
0.000045538
0.000050783
0.000051498
0.000055075
0.000027895
0.000055790
0.000071764
0.000044584
0.000031233
0.000032663
0.000036955
0.000034809
0.000067472
0.000058651
0.000062466
0.000043392
0.000030994
0.000030279
0.000026464
0.000025749
0.000042200
0.000026941
0.000069380
0.000050306
0.000051260
0.000033617
0.000048161
0.000051260
0.000053406
0.000057220
0.000071049
0.000036955
0.000026464
0.000035286
0.000044107
0.000074387
0.000053167
0.000057220
0.000059128
0.000050545
0.000049591
0.000042439
0.000075340
0.000032902
0.000052691
0.000051498
0.000039339
0.000041485
0.000045061
0.000052214
0.000049829
0.000064135
0.000049829
0.000051260
0.000051498
0.000032902
0.000031948
0.000061274
0.000052214
0.000036240
0.000035524
0.000027418
0.000053406
0.000051975
0.000052214
0.000053644
0.000064135
0.000050545
0.000042439
0.000075579
0.000050545
0.000033855
0.000070810
0.000053167
0.000042915
0.000046492
0.000057936
0.000067949
0.000048637
0.000038862
0.000028372
0.000052452
0.000066519
0.000047684
0.000056744
0.000050545
0.000053644
0.000052691
0.000045061
0.000060558
0.000097752
0.000027657
0.000028849
0.000057936
0.000050068
0.000042677
0.000045300
0.000056982
0.000063896
0.000028372
0.000051022
0.000032187
0.000049829
0.000053406
0.000078201
0.000028372
0.000149965
0.000041008
0.000041962
0.000026703
0.000029564
0.000044584
0.000049353
0.000050783
0.000042200
0.000077248
0.000056267
0.000061035
0.000036001
0.000042439
0.000031710
0.000030994
0.000060081
0.000069141
0.000059605
0.000081301
0.000070572
0.000051975
0.000096798
0.000051737
0.000031233
0.000051260
0.000032663
0.000076056
0.000026941
0.000028133
0.000028849
0.000033855
0.000038385
0.000070095
0.000033617
0.000027657
0.000033617
0.000048637
0.000038385
0.000039577
0.000031233
0.000037670
0.000052452
0.000051022
0.000037432
0.000053883
0.000935555
0.000879049
0.000927687
0.001255751
0.000903606
0.000072718
0.000025272
0.000071526
0.000025272
0.000033379
0.000030994
0.000056982
0.000025749
0.000031710
0.000032663
0.000024557
0.000026703
0.000065088
0.000043631
0.000076056
0.000055552
0.000028133
0.000033379
0.000027657
0.000072002
0.000025511
0.000072479
0.000042677
0.000087261
0.000059843
