0.001273394
0.043368340
0.024616003
0.032586813
0.022322655
0.035017252
0.035317183
0.003132343
0.003293037
0.005158663
0.003337145
0.001898766
0.001746178
0.001862764
0.001941919
0.001928568
0.001945019
0.001729012
0.001958847
0.001969099
0.001856089
0.001955032
0.001960039
0.001712561
0.001647949
0.001698971
0.001854658
0.001626253
0.001806021
0.001795053
0.001874447
0.001823187
0.001682043
0.001925707
0.001752377
0.001970291
0.001996517
0.003412724
0.001837492
0.001913786
0.001700401
0.001879215
0.001848221
0.001625538
0.001703739
0.001913071
0.001864433
0.001859188
0.001845837
0.001678467
0.001957655
0.001924753
0.001669884
0.001738548
0.001910210
0.001823425
0.001902819
0.001860857
0.001812458
0.001938343
0.001978159
0.001982212
0.001945019
0.001867056
0.001913071
0.001698256
0.001685143
0.001766920
0.001965046
0.001863241
0.001805782
0.001937628
0.001914740
0.001939535
0.002083778
0.001822710
0.001852512
0.001980305
0.001922846
0.001896381
0.001973391
0.001959085
0.001952887
0.001843214
0.001845837
0.001897097
0.001942396
0.001981497
0.001848459
0.001866341
0.001866817
0.001862526
0.001847982
0.001899958
0.001928806
0.001928091
0.001867533
0.001865387
0.001520157
0.001753807
0.001552105
0.001618624
0.001951694
0.001899242
0.001960278
0.001947165
0.001935720
0.001935244
0.001929760
0.001950741
0.001867056
0.001920700
0.001856565
0.001687050
0.001880169
0.001867294
0.001884222
0.002496481
0.002038002
0.002678871
0.001849651
0.001823187
0.001907587
0.001924992
0.001939297
0.001845360
0.001946926
0.001974583
0.001861572
0.001853943
0.001919031
0.001894474
0.001948595
0.001908541
0.001852989
0.001941442
0.001887560
0.001926184
0.001947880
0.001866817
0.001869440
0.001911640
0.001934528
0.001965523
0.001837969
0.001881599
0.001759768
0.001853466
0.001884937
0.003416777
0.001544952
0.001870155
0.001812458
0.001943111
0.001790762
0.001938105
0.001893282
0.001948357
0.001934767
0.001941919
0.001936913
0.001715183
0.001977682
0.001854181
0.001847982
0.001850843
0.001575947
0.002872229
0.001967192
0.001862049
0.001867056
0.001890182
0.001913548
0.001965046
0.001931667
0.001863003
0.001863718
0.001890659
0.001960516
0.002187967
0.003215790
0.001855612
0.001837730
0.001943827
0.001844168
0.001871347
0.001846790
0.001855373
0.001933575
0.001714230
0.001986980
0.001958370
0.001910210
0.001688004
0.001965523
0.001882315
0.001927614
0.001950741
0.001838207
0.001931906
0.003479242
0.001835823
0.001943588
0.001848698
0.001774073
0.001560688
0.001738787
0.001948357
0.001853704
0.001943111
0.001843691
0.001850367
0.001856327
0.001971960
0.001820803
0.001933098
0.001944542
0.001700163
0.001984358
0.001715899
0.001969814
0.001862288
0.001907587
0.001968861
0.001856804
0.001878500
0.001854897
0.001906157
0.001938581
0.001919746
0.001648188
0.001901150
0.001691103
0.001904964
0.001797199
0.001936197
0.001852989
0.001861572
0.001931667
0.001899242
0.001937866
0.001889944
0.001920938
0.001858711
0.001875877
0.001967669
0.001933336
0.001871824
0.001898289
0.001859426
0.001849890
0.001901150
0.001952410
0.001723528
0.001995802
0.001904011
0.001973391
0.001970291
0.001898289
0.001879930
0.001863241
0.001893044
0.001910925
0.001947641
0.001954556
0.001905680
0.001662254
0.001851320
0.001903296
0.001915455
0.001879454
0.001905441
0.001910925
0.001865387
0.001923084
0.001966000
0.003013849
0.002436161
0.002887249
0.002001047
0.001872540
0.001940489
0.001865387
0.001850605
0.001947880
0.001802921
0.001873016
0.001855135
0.001844883
0.001854897
0.001866341
0.001953602
0.001837730
0.001835108
0.001854658
0.001823187
0.001935720
0.001938820
0.001820564
0.001849174
0.001840591
0.001881599
0.001892090
0.001904011
0.001895905
0.001893759
0.001857758
0.001917839
0.001950502
0.001862764
0.001904011
0.001742840
0.001534939
0.001697540
0.001627445
0.001966953
0.001862526
0.001969576
0.001957893
0.001897097
0.001946688
0.001887560
0.001965523
0.001951933
0.001983166
0.001863956
0.001894474
0.001543760
0.001815557
0.001673698
0.001743078
0.001938343
0.001757145
0.001853943
0.001851320
0.001884937
0.001878262
0.001686811
0.001816750
0.001833200
0.001990795
0.001866102
0.001845121
0.001806974
0.001867056
0.001773357
0.001947165
0.001856804
0.001849651
0.001858950
0.001868248
0.001953363
0.001932621
0.001715660
0.001971483
0.001957178
0.001603365
0.001980066
0.003030777
0.002222300
0.001938820
0.001938581
0.001971722
0.001846790
0.001847267
0.001854181
0.001965284
0.001760006
0.001858711
0.001732111
0.002004147
0.001935482
0.001941442
0.001971483
0.001940966
0.001877785
0.001765013
0.001866817
0.001844406
0.001826286
0.001841068
0.001890421
0.001767874
0.001838207
0.001859188
0.001986742
0.001852751
0.001843929
0.001919746
0.002137184
0.003330946
0.001932621
0.001967430
0.001856565
0.001895905
0.001848698
0.001875639
0.001767635
0.001895905
0.002264977
0.001987696
0.001826763
0.001845837
0.001969337
0.001928806
0.001997948
0.001829386
0.001934052
0.001960278
0.001998186
0.001842499
0.001860380
0.001816988
0.001941919
0.001846790
0.001889467
0.001899004
0.001645327
0.001858711
0.001750469
0.001967430
0.001877546
0.001988173
0.001669168
0.001850843
0.001944542
0.001935244
0.001871109
0.001847267
0.001899719
0.001931429
0.001963139
0.001897573
0.001874924
0.001942396
0.001969099
0.001952648
0.003449917
0.001966238
0.001949549
0.001890182
0.001850128
0.001816273
0.001875877
0.001834869
0.001848221
0.001845121
0.001873970
0.001956224
0.001848221
0.001980305
0.001697063
0.001963377
0.001955271
0.001952648
0.001937151
0.002150774
0.001860619
0.001902819
0.001944304
0.001897573
0.001934052
0.001749516
0.001877785
0.001772642
0.001889467
0.001850843
0.001937628
0.001930475
0.001746893
0.001691103
0.001921654
0.001959562
0.001968384
0.001869202
0.001560926
0.001761913
0.001967192
0.001738787
0.001857281
0.001868486
0.001945019
0.001813889
0.001727343
0.001959324
0.001994133
0.001846790
0.001858234
0.001942635
0.001532793
0.001847982
0.001875401
0.001855373
0.001803398
0.001922369
0.001787901
0.001890182
0.001963854
0.001969337
0.001873732
0.001787424
0.001924753
0.001944065
0.001925707
0.001938581
0.001846790
0.001936197
0.003240108
0.002752304
0.001949310
0.001761198
0.001861334
0.001737595
0.001538038
0.001735926
0.001912832
0.001887321
0.001870632
0.001953602
0.001969814
0.001864672
0.001773357
0.001960754
0.001844168
0.001979589
0.001796007
0.001859903
0.001927376
0.001827478
0.001893759
0.001862526
0.001887798
0.001866102
0.001857996
0.001888275
0.002791166
0.001827717
0.001722813
0.001904011
0.001890421
0.001968145
0.001964331
0.001960754
0.001835108
0.001864433
0.001821995
0.001881599
0.001879692
0.001950502
0.002213001
0.001819372
0.001893044
0.001967907
0.001670837
0.001850605
0.001851320
0.001980066
0.001857281
0.001851797
0.001885891
0.001812458
0.001524687
0.001947403
0.001728773
0.001914263
0.001909733
0.001523256
0.001851559
0.001858711
0.001838207
0.001852751
0.001861811
0.001893997
0.001576185
0.001941919
0.001841545
0.001836300
0.001924992
0.001894951
0.001878977
0.001848698
0.001894236
0.001790285
0.001859426
0.001854420
0.001869440
0.001936913
0.001938343
0.001858950
0.001874924
0.001925707
0.001925230
0.002967119
0.001837254
0.001830339
0.001857758
0.001842022
0.001796007
0.001849413
0.001882792
0.001617670
0.001851559
0.001930952
0.001492262
0.001835346
0.001918077
0.001908541
0.001891375
0.001836061
0.001883984
0.001900911
0.001978636
0.001838446
0.001744032
0.001880169
0.001847267
0.001848698
0.001833439
0.001831055
0.001899242
0.001792431
0.001782894
0.001964092
0.001853704
0.001856089
0.001855850
0.001895905
0.001885653
0.001837254
0.001830816
0.001976013
0.001852751
0.001943111
0.001908302
0.001877546
0.001744747
0.001971245
0.001497030
0.001888990
0.001793385
0.002006531
0.001871586
0.001883268
0.001849651
0.001854181
0.001893759
0.001672745
0.001816750
0.001835108
0.001955986
0.001889706
0.001876831
0.001974106
0.001801252
0.001672745
0.001877069
0.001794815
0.001879930
0.001896381
0.001680374
0.001824141
0.001943827
0.001852989
0.001935244
0.001742363
0.002000570
0.001830339
0.001947165
0.001922846
0.001894236
0.001660109
0.001939058
0.003415823
0.002682209
0.001866817
0.001918793
0.001917362
0.001980543
0.001930952
0.001891136
0.001863241
0.001889467
0.001825333
0.001146317
0.001022339
0.001016378
0.000720024
0.001027346
0.001582146
0.001924038
0.001573086
0.001929045
0.001563311
0.001880646
0.001584768
0.001926184
0.001756191
0.001866341
0.001830339
0.001925945
0.001564026
0.001513720
0.001553535
0.001814842
0.001919031
0.001634359
0.001739740
0.001632452
0.001922607
0.001561165
0.001858473
0.001567364
0.001632214
