3535529
2392726
8221628
1470301
3192390
6600522
3990766
3834283
9796748
4821302
2423210
6174
567328
2804420
9987333
4262568
5968584
9467162
8536914
7578514
3203073
5168449
749127
3625335
9696303
7910522
7830577
9070100
2115127
1303517
8296810
5650656
3696244
6032678
7120958
6888634
2147441
625965
237158
1458429
5447267
2660369
1464604
6014595
5464789
966177
10277163
947614
10433340
8328318
8526129
3150653
3011007
9275256
6775988
2221551
6700019
4120806
805891
8815146
5424324
9102702
3980043
9120568
4649621
615241
5523443
6797062
1241206
5760602
8255492
6688474
8420971
9720096
2217309
3400001
200514
2008712
4347615
148094
10337031
2387985
3298748
2862279
1177481
10074736
5083830
7877501
3709783
5889722
6206887
9134108
4506664
10186931
7768917
9156285
316413
2806600
5467588
1557619
8567202
3237321
8246094
6502414
2471658
10463403
9902415
2672172
1986356
3764271
2820267
1837627
6152256
6119015
4699906
7329738
5707992
9783737
4721479
9417776
5187699
442607
8066124
9694363
143778
5349281
8364889
460191
8155882
3346717
2017811
6237325
6584038
10263905
2253979
9055696
10241549
1670635
1242109
1742145
5434906
4062377
3579773
1101402
10181393
8279680
8431140
5403625
7577657
2666860
4335642
2279596
3109467
1916006
1488199
3253246
7265288
9853089
3713438
4935411
2714046
5731250
686976
9298085
5509396
2940956
7868022
5265185
4611591
9110131
7007330
10046498
2686749
101344
662140
2382382
8381024
9093281
7786007
5472921
1274381
1635890
7752517
4383849
3551897
9240717
7637096
331425
8608046
864774
5266837
836333
6596025
5953814
10134418
1619661
8894770
7516680
6884846
3020602
6141052
3406417
2581340
8827801
3507761
3243481
724423
1403026
1851002
8510431
6875947
3125384
10146321
4142705
7509234
3212458
2897663
4660570
3543884
1019950
5525345
8810721
1856283
1635610
4278775
1504942
3255272
2687786
9021622
10140118
5708389
4676915
3060776
8289729
3018957
6568538
1047450
3743380
7971564
2898453
1768052
4361752
6023837
1428614
8504458
3047311
4641073
916361
7707882
8184957
1936311
2747468
6509919
3792594
4383079
302935
5297536
7638351
2990721
3833399
7292709
8699110
8510314
10353486
6503080
1043512
6436264
7550530
4786892
3922069
10448983
6554945
8283821
5987061
7983559
6302519
9034373
2138872
7218881
6256496
10323830
9155192
9003964
6347989
2462027
2901283
6650924
7759564
53874
9641646
1107203
7346584
7854997
9617518
7214310
3872317
175270
3164815
937088
4962163
7086885
900311
1031348
4884946
6887373
9014908
701706
5435987
668021
7920587
1206723
506091
6590020
10210687
6854080
9052047
2626210
3019245
6325852
2680084
2175131
7433055
10026669
10030128
6564814
6755220
3416685
6740085
9920035
4353773
1216488
6521160
5254085
2247837
920347
1655699
776986
1622054
7091686
1445007
9542642
8298409
1951098
5646902
8023336
8805179
4213190
163787
1338664
53282
2843872
3513796
7486338
2384781
3058164
3565393
9140001
6474850
10305478
8574277
342864
1036207
4609678
5596950
3284045
5530025
7252649
4061031
7152079
3858576
5506039
6208962
1671225
7457138
1370104
9694562
5776557
5583295
9858349
7115222
5636578
2216462
143258
2637156
4601243
3201423
6202549
3255485
9676274
6022268
1344002
10019138
7058475
5953680
5130329
10342521
997946
1897218
3917793
8150025
5755795
9423832
3873227
7427021
6395210
5243332
6635823
1686008
340868
6008413
8801230
5977446
8224875
8944488
8614603
2340359
1660151
4331392
5595844
850665
10353661
6939846
384044
6926377
2407766
5514373
6783138
3405712
7411592
215172
1069978
2681627
9639004
4943206
10108648
5548455
10186539
6258712
7234463
41647
1781366
5549933
6019093
10006241
4008661
4147936
1860840
5668813
8479329
7456684
6519478
8347231
3910771
6903523
4787848
6318538
1932136
1085227
9724251
9343729
1300399
308470
1539596
453643
5251676
1162485
6002099
4952456
7421198
2750802
4994103
9202564
8300735
527437
8723046
1823637
4675373
98126
7492450
2668943
7554811
3526169
530414
979823
10429692
5318263
7298361
1876069
6403490
6536852
734038
7703890
6845322
2273635
8157534
1611239
3436121
3673873
6563695
371559
6424675
1072039
9574124
4239651
1599476
7811410
6063289
6274850
7909537
3069979
8943793
4978588
6596149
9474208
5958411
6540082
4306711
2771013
8416152
224442
9307865
9150191
7928332
5667428
938067
5600106
7278668
4374188
9273979
3356603
4745748
5212895
4428642
3834112
9452547
6028118
1159763
5030076
1817209
9069300
8100056
275242
3562129
4210445
9749451
9520541
264768
3570403
1805794
8680920
3794846
627900
7345351
1237418
6295329
8283418
6837525
3088237
2171847
5625745
6444840
6917595
352881
387723
265948
9805428
6415842
1425711
4349745
8233051
9252
1964041
8508294
3571381
6174486
7771986
2606163
6439254
856629
4411957
4634415
4651475
5039858
1494006
5888894
849427
9777424
2240660
3937665
1463511
7866405
10382506
8381107
8219286
284469
8647056
7538955
6700312
10072768
1402940
4447603
10082020
3366981
2470138
3167642
9541468
10242124
5773805
5494963
612994
10185763
10129378
5264470
4739862
1137624
667604
5589290
429289
2908264
9526955
1892801
288910
9423701
10273909
8508197
9708171
8435205
5561392
5922723
8022214
6964333
10370327
7618474
10331314
2354705
300357
9387023
2111070
6074163
4396226
2724064
5774167
4039844
7988534
28269
5177469
8656139
5617560
5606759
1078644
4658756
7499561
1367554
3596697
7287710
9875752
2819109
5237156
4951384
8741833
2773610
1429957
8626401
10392085
1275512
495347
206683
176775
2606417
6280846
4573002
5330482
1569253
8612847
2833257
1597523
3304556
1003637
7215083
8911316
2082281
1388079
5925117
3449836
4984777
2727068
2839828
7803887
7964225
7791213
6059961
252075
9221171
4200602
158401
10924
4695949
365084
187700
7302367
6645930
4760702
2147089
8215184
2887789
4980347
9812708
6192346
5983984
6542032
4617902
8066265
7930112
57260
1030342
2429129
2784329
3870171
10233017
262794
1175624
5807218
514869
10396796
10007821
673270
10407720
4218010
1038355
109660
1034617
7684286
4870363
3181707
5413711
7758152
8162055
4740659
3464739
3660279
796931
8082641
1240785
8727043
8139902
2271127
670413
438471
6141299
417671
701265
7316923
6224889
1216135
7227960
5746950
1889406
7149920
9964961
2927761
7259581
513819
126287
1644184
3695527
5539998
9402336
1371822
10280658
2381316
5032102
591829
10463957
6272887
9318873
8118100
8544015
9989287
8556572
4199554
10406958
9257837
1030718
6146088
10473973
8258678
1407279
1877619
4922839
886481
4805381
1696660
1400300
4931669
3340844
5095828
10471668
2257421
6467650
10266566
4638737
1013992
372636
4616935
7286880
9691510
2249276
5345135
9195037
320088
9544690
9116236
9577926
89648
4776564
9566139
8348327
6183844
957999
2785406
7070325
5763380
4482066
8470626
209289
7822911
3080694
195198
10080332
9548345
10461765
4233310
76578
348641
8850246
7363458
10040152
613762
2222834
8749430
933850
1281764
7379906
26016
1371413
1670711
9592156
9719740
7854556
64395
2019386
4439121
5827775
6501453
2423988
6037065
3838604
5504682
6232263
3433177
4567267
6208268
7666487
4643845
6556910
6030973
1521544
6111303
6644736
3744378
4374973
7578587
5026143
1269119
7604603
6397556
2939831
6710999
5631537
308627
6775395
7650923
4747749
2117410
3666616
7171737
8154476
7505221
2190660
3900980
452638
6757928
10109248
8119126
916013
6180399
3664340
2437558
1805942
10309076
6181937
6180916
7401903
722320
7450036
4520747
7119877
10389867
745987
2265654
212735
7521382
9916577
4960484
9638792
3097434
1646462
7307509
116895
3837122
722729
569534
109290
346218
8688660
1025304
6526617
1867240
3462863
8332560
1690557
9644800
4027716
9092460
10367120
991992
3127448
7001237
896100
3873435
9266891
1108835
909057
8697709
6069320
62090
1309383
7715783
7369599
1426279
1067146
8092329
1995813
1176436
8438547
198713
2201741
4479405
2065954
5664604
2326205
3756511
4823645
6353922
2363212
4705005
7345915
5490660
1220483
8242015
9364095
1615
9350851
10273153
8699324
4934412
10335244
10008707
2164436
7219084
949227
3231582
4825653
2945040
4408019
2778440
3143754
6609760
7257845
5209708
1788605
9584051
8966220
6612250
5452214
843672
831496
2312369
6334333
2051979
