165829 133104657
1167032 157238322
1128373 138879047
94869 119494656
1028012 132601250
754740 144138402
655850 131015092
667069 151969309
829447 152510073
909037 121087286
723001 128918249
215629 145175697
534192 132058599
517178 153018777
504894 136256765
1067367 157236681
644039 131533024
760744 135201168
1202808 122627069
797942 142018598
153661 140453492
595581 131011207
1163270 140973216
148690 136773465
596612 126298787
509740 134680853
1150872 129983342
377426 145159344
34509 138356111
666639 151970353
854984 134684357
95318 119493631
895409 155643398
48149 157241815
303238 149353907
1111894 133628616
949461 127354828
745676 151977877
1139347 146212498
390932 121065569
291517 144128250
268894 142020471
843627 157213631
236238 124721954
252184 132604683
1058254 158263227
687755 147793775
1164264 155114391
1233526 138348246
965922 140446573
138368 135726779
412208 135223349
1226481 125775286
39260 126826230
527498 146758737
631018 129962186
72099 125793882
760625 135200922
999821 150419848
1091767 123149951
639754 157219413
967079 144127343
1179420 157223951
153364 140453179
4537 138351080
822421 119495378
365985 126818304
377374 145158901
625380 144119956
203663 148829974
883444 120022472
861157 149877625
175145 140451544
597453 121054219
500017 156686900
666194 134681741
359192 123672908
358834 125787381
784884 128931980
86240 139917117
397347 135724561
105665 128928966
558789 141504279
151151 131038036
281783 152494329
109055 150416352
840437 148830914
732709 134686476
1115406 126819853
612143 137307417
23333 157211483
562588 121095976
107872 125792267
38171 156169160
1008155 155647152
1193162 142026577
1198046 121081358
956276 155649004
871551 154591090
1232963 154602850
678448 132597404
546724 144112544
225278 131029190
1246130 127361439
86317 139917182
426217 124201804
1072110 132609130
567448 122632544
670893 136250422
150564 131038470
1019904 145176742
966950 140445822
31634 143077005
882467 120023089
592025 149369292
334239 137315601
870931 154591418
237460 150406994
155074 152494683
225441 131029062
944317 126824400
318082 142015876
377521 145158895
850704 125788597
1163674 140972526
568529 135205718
542418 153552134
23489 136253140
967101 144127055
1257797 145684244
991584 142540245
417984 153564013
826162 127378540
884982 120531456
988054 143586191
843121 157213645
33248 157221142
832580 140967127
319613 140969386
327629 146751837
919120 140971182
250272 143082633
1142208 127376374
1052566 157239708
185243 133635813
1081036 143079043
657252 149874477
782305 128921794
136968 120529460
174206 153569509
704484 123173155
855743 122641888
924949 134700317
418440 153563856
1162258 157234684
767715 127353142
239703 141492549
1043866 132587705
798939 141497084
514493 138883030
1119929 129962877
1134523 151975391
1191477 150935595
740774 142538679
154547 152495758
502917 124222152
812059 146731370
875415 150404744
473555 124218627
1192357 143068207
1143473 154600014
78700 141500265
1269764 149355051
980435 157733897
416872 154080119
645474 152509638
367625 134699285
1066481 137321850
1008289 125245201
437367 137323538
228700 147777637
137940 135726402
63641 119500870
49868 138358666
357525 135211885
1239338 121068624
1029015 135215905
552008 132581108
716246 128940881
370693 134157078
451982 153551066
797122 142018418
774252 128912210
1234335 138349088
1211731 138360392
1016276 144117069
266869 136275191
1278913 145704617
1136102 139930105
924476 134700326
415190 140445472
922069 151973680
1070959 124214482
1244907 122103218
1037358 155120401
540417 149883611
589379 151982691
556311 140443078
523200 143080402
149448 147804541
95652 119494541
462020 129965749
217383 120007616
1148281 134677383
906924 121051450
51799 132605573
794285 133636665
863578 135215406
979751 155644147
911714 152511709
286430 124205883
64842 123179708
649522 132598101
700886 128934338
369807 142017401
632264 128389446
234817 158278257
837927 128935818
1225867 125775044
1119132 129963305
166186 133104576
453787 149878696
551526 122639976
718896 153559655
1200838 151449834
620980 143068733
425009 126819227
921375 145688319
713439 137297392
1139842 130484730
707309 145160061
827250 124725857
299588 146746553
1238602 121069009
1172196 123167280
1037273 155120422
879831 137310241
975401 124720879
1189766 132057060
1067491 157236511
1223986 125781331
1160099 144136531
770300 140982914
1179427 157224199
389871 155116929
745040 151978099
777726 127350657
30090 127368668
971942 154075713
1052182 157239702
605100 134695404
866111 146736400
718482 156697125
1116601 155122356
547318 153559128
64587 119500959
547283 153559044
251000 143083507
244578 120017878
718751 156696863
569439 120019217
968801 148837341
930838 127866453
176083 140452182
1004074 146759841
951797 151449002
1227226 131026305
813048 133653463
644830 152509402
1146975 145690164
642073 156175359
311490 152507201
1148305 134677363
189015 134679334
683593 143072068
157973 153567742
86450 139916789
1153841 143072006
864146 135215300
1208107 122630706
1138786 146211674
36571 158268429
511506 121071093
746524 131008820
1234154 138348493
68358 146754018
602168 124203900
531153 121089600
319077 140969107
104483 123170211
784475 128931884
747289 131008805
50502 138359424
603668 156688743
675255 133647277
386138 131023532
1228545 157735360
547501 153558590
331733 130486098
974695 137325421
157224 148833378
393070 126832555
85770 139916593
1086175 129443565
1253676 135211573
1238572 121068421
232276 126292015
1191442 150936743
916205 154069074
138927 140979875
238732 126827853
110051 150415883
475416 119481341
1050111 145169263
459354 139924238
846337 142537035
323425 144115928
412765 145700711
631524 129961313
1278055 151971381
779990 138357352
1152990 155125302
813351 133653932
312584 156691889
916043 154068427
276207 144141588
605219 134694778
244983 119503306
1095226 124727027
351763 154593647
178506 144123051
1121645 134154671
172521 126823478
583820 149885382
989431 139397873
280553 134694276
1247243 127361311
77405 124215166
1066612 137321314
408884 142012839
256407 153031189
1128809 138878787
255128 153554950
1163529 140972550
1275688 155126057
242909 120006728
241078 144118068
171723 131032342
900202 142027643
613532 135228390
123583 120527936
600125 146749833
1045768 127342599
1273296 123173833
213284 132585681
936861 146739442
885431 120531933
1093731 156695075
355215 144130453
293549 147791644
846451 142537391
10387 120531125
1044985 132588437
958514 150938095
1110328 137303235
649713 134696495
924764 134699901
1072689 132609054
853990 146756306
900379 158259424
855492 134684763
1160308 144136472
885334 120531294
1177932 150928846
970426 124200375
1169582 153025144
902480 139394547
107649 125792240
1157042 136251310
607506 121080086
788272 152498171
990121 150401262
188406 134679377
997710 149881540
19349 120533651
218406 149875765
420003 131024610
705215 156179460
948521 138871084
445033 140454593
26016 132591567
66225 139925433
876002 150404781
1081469 143079192
109001 150415760
1212463 136262487
372434 147778542
769032 148825282
675303 133646861
233754 149880293
173882 153568568
432574 154593122
179376 139920883
460729 147785842
1209999 121076039
788040 152498003
294539 123168470
160223 128930145
1048890 157228255
726538 156180450
1198252 121080776
613841 135227686
600694 146749596
465552 124728208
390006 155117336
1127690 144131112
1174881 132599232
27201 132591769
16277 126299854
1229471 157240794
717677 156696466
218753 149875980
849480 143064759
210148 138368203
72519 125794085
639328 157218841
1087008 129442462
24967 138347590
703668 123172602
518743 138879850
789776 135213831
925125 134700493
1144667 121064903
760266 135200284
720228 119491211
285597 139393289
935403 149357932
1122085 134153986
138826 140979061
1210707 121076292
1194556 122640664
1077996 158270475
226275 133645804
21431 122637029
792750 158265456
603130 156688782
448593 153543177
773938 128912392
876824 150401068
847994 138345329
1047015 141488724
766345 158262201
506536 152503634
93945 145170331
291464 144128755
124590 156162814
951951 151448324
274067 129967342
79531 128927425
113748 147781327
228213 147777027
631397 129961715
1027430 153556820
242799 120006720
331427 130485502
343418 127371681
689115 143063122
904135 158273842
117146 133638684
897729 137319822
791643 129990432
664948 119490320
28488 136261243
1148768 125773246
644283 131532113
137079 120529080
146777 120004131
609360 121072035
633252 128389162
885589 120532093
438887 140450190
875924 150404890
1087436 123176835
447808 153543592
344348 127371260
898601 137320232
394185 138372372
949196 127354035
1202596 122627083
321317 150416761
266915 136274354
1132824 121075374
405286 121092003
443389 123160379
360972 148832313
1218408 127359258
1088415 123177443
912365 152512258
1198382 133106144
531615 127377248
127543 146742532
375821 135221522
493454 123161485
113159 147781107
939011 153545457
98771 135209051
563189 121095780
353018 156692820
664751 119490724
450582 151972565
141315 139401672
568652 135205668
718609 156696722
1200692 151449640
923688 136270661
190742 153028309
836739 128935589
520348 153553187
751098 127355907
47966 135203025
651914 145171122
263754 143063763
474588 124218843
697686 132585201
285727 139393535
1114603 139918133
248998 131013672
1243786 131033719
1245532 122103267
426583 124200940
1134441 151974583
704785 123171922
174913 140451322
25363 138347428
716220 128940717
789021 152497577
195576 129970355
628038 123156714
450426 151973167
657135 149874974
434972 145166701
894809 155115732
140003 150412073
78019 141499695
325825 120004756
558128 158277260
608064 132586341
464667 143585447
288846 150418797
982404 136273104
711268 132594181
1188085 153565219
339069 137315637
138603 140979581
538120 138873634
590171 135205398
1219069 127363259
871877 154591636
1201094 119479766
827217 124725328
484739 144139628
934111 126293574
355954 144129544
1106633 122635739
802993 129960731
246974 144134720
742517 156176577
40890 142023362
905892 123175348
802767 129960614
698772 147803893
311197 152506986
907733 121052688
877458 155640430
19079 120532726
597362 126298476
432995 154592829
607006 121080031
1020650 145176650
1234646 129981436
580510 127342086
471112 124198013
871129 154590981
1116866 155121903
466797 127357268
264736 123164756
134471 120533934
859173 129978936
403078 133644898
1241383 158275438
488284 128942701
567916 135205680
541825 153551663
1246213 127360746
666732 151969592
358903 125786951
521596 136774920
183945 133632665
603722 156688777
637886 125770440
897210 135201949
1168767 157212545
197763 139398932
469745 122624880
334069 137314751
887686 122627672
696964 136270381
807435 146737538
1016687 144117480
158554 153567999
195221 150931914
536252 148826425
744312 134678232
145367 151446710
32952 157221312
538729 138873936
638835 157219643
979943 155644829
422473 126828838
1056090 134152321
854775 134685048
813942 143589620
177654 144123782
125125 156161592
617074 132590448
5901 145681798
744905 151978200
497229 126816418
946034 128918113
1228362 157735615
915181 154070959
1158621 132609501
654798 131015272
760546 135200958
181691 141503001
390725 121065838
1017084 144116618
695378 122101941
533492 150922874
511708 121071372
983763 123152979
1072229 132608561
1082720 147796217
586389 157233105
1133507 140969928
575803 126296097
746648 131008144
68007 146755220
611730 137307267
743055 156176911
201052 122638190
446775 137323059
531000 121089441
1223817 125780656
716093 128940313
170801 127362014
1221673 122634008
742116 123155971
220660 140440644
46384 138355329
1238880 121068280
216851 120007871
583165 149885622
326739 141491868
450726 151972993
364551 150408330
234922 158278488
232693 149880903
86365 139917728
1176591 136267422
821367 153028942
471879 124197836
392015 139397077
230580 157229247
722845 128919358
748167 125791469
467435 127357307
309649 156177000
1174731 132599677
1225380 125774672
214464 139395201
283676 136265367
1276876 156167807
1273637 152505813
762817 140978293
66221 139925156
678734 132596965
533255 150923246
1213894 128936869
1163289 140973343
1125078 121052766
760578 135200374
165091 154074040
1118110 145696176
371347 134156220
157208 148833363
110358 149370590
51383 132606152
1249920 146731646
722688 123171865
150402 131038548
1109983 123152294
1037427 155120530
901536 158259150
749187 121091119
169423 120011090
694936 122101186
710183 135226608
1239232 121069331
589992 135204884
566307 122632046
496140 133655564
1064985 150398947
915495 154068167
1131877 129982181
1051679 157239559
924573 134699835
1006359 131040763
506492 152503175
93752 145170025
753066 149365241
590684 135204978
133863 120534966
798616 141496921
6532 139926144
1024762 136249188
316527 146206767
182663 141503414
1007189 155646926
522429 143081024
1058831 158263804
38720 156169074
1253940 156171020
478854 127375751
1280645 139922226
1156211 136251180
25388 138348135
1178349 150928635
1187614 151978557
317543 142015441
593187 128938960
1274914 155126196
898728 137320255
161835 142022902
213807 137300962
229065 140967726
1091798 123149676
967545 144127379
114773 153546594
776516 146211076
54936 156166027
929567 150409051
768480 148826304
300747 145684958
256071 153030068
238582 126827790
963525 152498749
1152775 155125028
1160329 144136468
184530 133634816
555029 147253813
633980 156698716
853298 146755745
209594 138368103
6440 145681599
1242631 154075671
196030 129971288
968069 144127738
697309 132584200
534092 132057713
914253 154071138
1055772 134153304
931822 153566335
390685 121066343
305405 156693588
220073 125786011
689882 132589673
275432 131035392
203607 148829694
866383 146736452
435373 145166537
776253 150402783
368966 128923077
1225721 125775403
212173 148828502
945516 128917136
976555 158269893
444525 121082581
1235306 129980915
898593 137320324
142768 118955741
525824 156698199
521966 136774010
1127781 144131292
1181929 138881165
275888 131036031
556721 140443086
10728 138870694
596639 126299000
1056018 134153233
687215 147793120
1081931 143078858
363804 140973743
1046309 127342516
343630 127371348
705724 156179434
616273 146753137
215039 139395537
686905 147793722
77143 124215221
837240 128935322
818600 149363333
1015217 140980137
987431 133648796
656135 149875216
939211 153545982
1056524 134153403
1042182 150412981
723756 128918672
581744 127341601
603912 132058916
975174 124719867
809933 157216593
303807 149353526
83461 138363550
442148 123159376
274228 129966431
441167 143085344
967198 144127533
764812 143078117
783921 125244090
1250580 124723151
362108 131027614
205302 124196671
673040 128913311
219858 125785486
846804 142537355
811668 146730762
1261186 134691172
1246857 127361244
256388 153030348
495092 156169382
329182 150397326
1261752 132603949
593504 127364855
457203 143070072
638873 157219358
532935 150922687
781311 149882881
130670 126830705
1279706 145703449
1138647 146212607
285407 139393178
186410 139927201
1183697 142020961
574531 146744244
304879 156694155
342418 121576663
232504 126292958
1263718 125783485
38322 156168535
216731 120007523
648797 132598745
672872 149351456
73209 145682608
427755 124209375
494217 156169732
358756 125787951
607605 121079639
244517 120017644
1010721 155119717
195881 129971275
13558 147779865
433278 140448264
874628 127345718
593995 127364992
259360 121063583
173332 126823304
570176 126832780
309309 158260832
468000 127357096
1012696 135207274
1100631 157214886
912371 152511302
66769 139924294
682003 125779741
351099 121577592
161710 142022268
352107 154594387
1049879 145169497
196262 129970529
1013377 135206929
1032738 156173207
616468 146753392
857400 155638581
945334 126824203
652609 153017916
887081 154600947
139775 150411962
1184532 125776069
390612 121066720
340542 127864130
295875 124213088
320710 122099814
292078 144128701
117983 121095059
738637 121096654
494391 156170346
361502 148832384
1118902 145696526
1207913 122631057
736509 123674923
277212 144141394
435070 145166219
497008 126816146
156729 148833140
745159 151978090
499943 156687691
427 158267413
508272 145156906
541849 153552763
103359 140982154
47470 135203779
1202261 122626304
928315 128916014
250944 143083086
765363 138875861
110595 149371216
489003 141493960
1214849 128937184
414956 140444670
2201 157230291
282862 157220169
85745 139917687
778022 127350742
663017 151445494
1272060 150933368
20261 155639966
1058364 158262981
310769 152506535
708449 153550192
1195947 129438546
666601 151970243
1079898 128914554
779262 138357178
847605 138344934
318113 142016052
44796 144134180
1131696 129981981
385842 131022323
470406 122625942
1171931 123166811
756768 146747988
241258 144118480
59577 124221257
1022052 154597040
1089918 138871945
724268 149364129
1014475 124211627
1239326 121069301
877546 155640371
545918 144112041
543231 151976863
519897 153553234
992343 142539859
927930 128916566
642176 156175463
454945 131009487
482907 144132995
492318 119483801
628789 154599372
228532 147777787
331012 124219777
1107324 122635788
218778 149876810
83710 138364555
1055339 133633551
750845 127355995
1037471 155120027
496650 133656180
770904 140983781
602184 124203678
984831 137301920
660515 156174546
1030875 120013694
939699 153545548
671691 149351556
1224693 127373522
1011547 134692964
3497 127373181
