165829 133104657 547337490432
1167032 157238322 647742930944
1128373 138879047 571803123712
94869 119494656 491710922752
1028012 132601250 545959944192
754740 144138402 594374664192
655850 131015092 538730561536
667069 151969309 622909194240
829447 152510073 627284709376
909037 121087286 501001736192
723001 128918249 529322049536
215629 145175697 597632061440
534192 132058599 542998691840
517178 153018777 627759853568
504894 136256765 560293343232
1067367 157236681 647526121472
644039 131533024 541526712320
760744 135201168 555413585920
1202808 122627069 503811563520
797942 142018598 583113416704
153661 140453492 577158344704
595581 131011207 538155376640
1163270 140973216 578817425408
148690 136773465 562792263680
596612 126298787 519464718336
509740 134680853 552632188928
1150872 129983342 536600252416
377426 145159344 595650228224
34509 138356111 568473391104
666639 151970353 623030837248
854984 134684357 553032835072
95318 119493631 491568365568
895409 155643398 638997561344
48149 157241815 648199725056
303238 149353907 612672544768
1111894 133628616 547914776576
949461 127354828 524476375040
745676 151977877 623976779776
1139347 146212498 601711149056
390932 121065569 497895604224
291517 144128250 593290952704
268894 142020471 583285141504
843627 157213631 644891136000
236238 124721954 513925558272
252184 132604683 544570732544
1058254 158263227 649416282112
687755 147793775 607911608320
1164264 155114391 636610482176
1233526 138348246 567692021760
965922 140446573 576345567232
138368 135726779 559181234176
412208 135223349 558013636608
1226481 125775286 516539973632
39260 126826230 521337446400
527498 146758737 605151633408
631018 129962186 534097735680
72099 125793882 518764331008
760625 135200922 555383402496
999821 150419848 619519680512
1091767 123149951 506081284096
639754 157219413 645505548288
967079 144127343 593173299200
1179420 157223951 646092095488
153364 140453179 577112494080
4537 138351080 567987388416
822421 119495378 491734736896
365985 126818304 520393482240
377374 145158901 595615866880
625380 144119956 592033415168
203663 148829974 610556116992
883444 120022472 495088250880
861157 149877625 615510179840
175145 140451544 576876306432
597453 121054219 496845258752
500017 156686900 642561699840
666194 134681741 552748298240
359192 123672908 509915697152
358834 125787381 517914218496
784884 128931980 531230142464
86240 139917117 573669556224
397347 135724561 558877777920
105665 128928966 530719277056
558789 141504279 582123458560
151151 131038036 541895454720
281783 152494329 625094123520
109055 150416352 619139375104
840437 148830914 610657480704
732709 134686476 553223344128
1115406 126819853 520568176640
612143 137307417 564514086912
23333 157211483 644569317376
562588 121095976 501870968832
107872 125792267 518545317888
38171 156169160 640964448256
1008155 155647152 639414108160
1193162 142026577 584024920064
1198046 121081358 500033781760
956276 155649004 639603048448
871551 154591090 634896920576
1232963 154602850 636385054720
678448 132597404 545363668992
546724 144112544 591163121664
225278 131029190 540687798272
1246130 127361439 525204471808
86317 139917182 573713678336
426217 124201804 510972944384
1072110 132609130 546854318080
567448 122632544 504478023680
670893 136250422 559496585216
150564 131038470 540828491776
1019904 145176742 597720854528
966950 140445822 576232206336
31634 143077005 588391256064
882467 120023089 495200808960
592025 149369292 614689538048
334239 137315601 565655138304
870931 154591418 634976751616
237460 150406994 617742737408
155074 152494683 625115250688
225441 131029062 540674850816
944317 126824400 521164636160
318082 142015876 582726189056
377521 145158895 595614777344
850704 125788597 518049579008
1163674 140972526 578762637312
568529 135205718 555830345728
542418 153552134 630646968320
23489 136253140 559750320128
967101 144127055 593198858240
1257797 145684244 598320930816
991584 142540245 585277489152
417984 153564013 632052015104
826162 127378540 527338909696
884982 120531456 495961387008
988054 143586191 589965393920
843121 157213645 644892823552
33248 157221142 645720371200
832580 140967127 578166239232
319613 140969386 578439553024
327629 146751837 604307738624
919120 140971182 578595328000
250272 143082633 589206949888
1142208 127376374 527181021184
1052566 157239708 647912980480
185243 133635813 548718170112
1081036 143079043 588744060928
657252 149874477 615103922176
782305 128921794 529667657728
136968 120529460 495598628864
174206 153569509 632714887168
704484 123173155 508687679488
855743 122641888 505720619008
924949 134700317 555090837504
418440 153563856 632039616512
1162258 157234684 647345033216
767715 127353142 524225085440
239703 141492549 580755980288
1043866 132587705 544165326848
798939 141497084 581239189504
514493 138883030 572207386624
1119929 129962877 534201929728
1134523 151975391 623672135680
1191477 150935595 621766955008
740774 142538679 585129066496
154547 152495758 625315151872
502917 124222152 513616285696
812059 146731370 601964052480
875415 150404744 617609457664
473555 124218627 513002418176
1192357 143068207 587338010624
1143473 154600014 636093874176
78700 141500265 581585514496
1269764 149355051 612853481472
980435 157733897 648355438592
416872 154080119 634666221568
645474 152509638 627231297536
367625 134699285 554942660608
1066481 137321850 566316306432
1008289 125245201 514894938112
437367 137323538 566618189824
228700 147777637 605962113024
137940 135726402 559132495872
63641 119500870 492489519104
49868 138358666 568769454080
357525 135211885 556663222272
1239338 121068624 498404753408
1029015 135215905 556998500352
552008 132581108 543573819392
716246 128940881 532203343872
370693 134157078 552082939904
451982 153551066 630541295616
797122 142018418 583040618496
774252 128912210 528481087488
1234335 138349088 567825866752
1211731 138360392 568902017024
1016276 144117069 591780487168
266869 136275191 562457784320
1278913 145704617 600725803008
1136102 139930105 575214182400
924476 134700326 555092086784
415190 140445472 576194125824
922069 151973680 623402655744
1070959 124214482 512580186112
1244907 122103218 503174811648
1037358 155120401 637396398080
540417 149883611 616213078016
589379 151982691 624614440960
556311 140443078 575999725568
523200 143080402 588907851776
149448 147804541 609197174784
95652 119494541 491710136320
462020 129965749 534573404160
217383 120007616 493329059840
1148281 134677383 552237060096
906924 121051450 496549195776
51799 132605573 546472833024
794285 133636665 548824498176
863578 135215406 556935421952
979751 155644147 639064047616
911714 152511709 627015045120
286430 124205883 511572967424
64842 123179708 509655638016
649522 132598101 545452937216
700886 128934338 531512651776
369807 142017401 582911893504
632264 128389446 528237199360
234817 158278257 651053133824
837927 128935818 531667337216
1225867 125775044 516473368576
1119132 129963305 534169845760
166186 133104576 547335057408
453787 149878696 615660941312
551526 122639976 505483755520
718896 153559655 632672423936
1200838 151449834 622509793280
620980 143068733 587374755840
425009 126819227 520516083712
921375 145688319 598763581440
713439 137297392 563194277888
1139842 130484730 537657028608
707309 145160061 595702022144
827250 124725857 514444304384
299588 146746553 603666194432
1238602 121069009 498477142016
1172196 123167280 507996332032
1037273 155120422 637398204416
879831 137310241 565017968640
975401 124720879 513800462336
1189766 132057060 542870794240
1067491 157236511 647496577024
1223986 125781331 517108658176
1160099 144136531 594232934400
770300 140982914 580124241920
1179427 157224199 646102220800
389871 155116929 636953473024
745040 151978099 624050683904
777726 127350657 523839537152
30090 127368668 526102630400
971942 154075713 634111262720
1052182 157239702 647914373120
605100 134695404 554378825728
866111 146736400 602623688704
718482 156697125 643777228800
1116601 155122356 637096673280
547318 153559128 631195656192
64587 119500959 492502257664
547283 153559044 631498686464
251000 143083507 589281382400
244578 120017878 494573142016
718751 156696863 643768209408
569439 120019217 494759575552
968801 148837341 611531935744
930838 127866453 527777357824
176083 140452182 576968998912
1004074 146759841 605231968256
951797 151449002 622451044352
1227226 131026305 540364595200
813048 133653463 550956658688
644830 152509402 627063783424
1146975 145690164 599007432704
642073 156175359 641676857344
311490 152507201 626823905280
1148305 134677363 552234987520
189015 134679334 552461176832
683593 143072068 587723857920
157973 153567742 632464580608
86450 139916789 573619335168
1153841 143072006 587714715648
864146 135215300 556928376832
1208107 122630706 504232779776
1138786 146211674 601648689152
36571 158268429 649923645440
511506 121071093 498705866752
746524 131008820 537972236288
1234154 138348493 567665180672
68358 146754018 604608253952
602168 124203900 511346270208
531153 121089600 501194817536
319077 140969107 578367320064
104483 123170211 508361703424
784475 128931884 531215138816
747289 131008805 537970343936
50502 138359424 568814370816
603668 156688743 642848456704
675255 133647277 550244618240
386138 131023532 539897774080
1228545 157735360 648521674752
547501 153558590 630820659200
331733 130486098 537795899392
974695 137325421 566782726144
157224 148833378 611055362048
393070 126832555 522403295232
85770 139916593 573557964800
1086175 129443565 533042356224
1253676 135211573 556619358208
1238572 121068421 498388258816
232276 126292015 518810849280
1191442 150936743 621904932864
916205 154069074 633179906048
138927 140979875 579643928576
238732 126827853 521596985344
110051 150415883 619022536704
475416 119481341 490018189312
1050111 145169263 596746784768
459354 139924238 574482300928
846337 142537035 584894521344
323425 144115928 591637164032
412765 145700711 600252596224
631524 129961313 534005280768
1278055 151971381 623170560000
779990 138357352 568605478912
1152990 155125302 638067163136
813351 133653932 550989455360
312584 156691889 643160801280
916043 154068427 633104089088
276207 144141588 594709086208
605219 134694778 554311671808
244983 119503306 492834508800
1095226 124727027 514562392064
351763 154593647 635248054272
178506 144123051 592435871744
1121645 134154671 551651745792
172521 126823478 521058480128
583820 149885382 616528830464
989431 139397873 572917465088
280553 134694276 554275135488
1247243 127361311 525178105856
77405 124215166 512623968256
1066612 137321314 566279311360
408884 142012839 582270799872
256407 153031189 629078224896
1128809 138878787 571793940480
255128 153554950 630858465280
1163529 140972550 578764566528
1275688 155126057 638180663296
242909 120006728 493248524288
241078 144118068 591867400192
171723 131032342 541127913472
900202 142027643 584290050048
613532 135228390 558652014592
123583 120527936 495477063680
600125 146749833 604021166080
1045768 127342599 522928758784
1273296 123173833 508779909120
213284 132585681 544035995648
936861 146739442 602853318656
885431 120531933 496043954176
1093731 156695075 643575738368
355215 144130453 593530605568
293549 147791644 607535759360
846451 142537391 584938311680
10387 120531125 495854776320
1044985 132588437 544252100608
958514 150938095 621999439872
1110328 137303235 563958820864
649713 134696495 554551369728
924764 134699901 554995953664
1072689 132609054 546861981696
853990 146756306 604847665152
900379 158259424 649656688640
855492 134684763 553065844736
1160308 144136472 594230312960
885334 120531294 495928758272
1177932 150928846 620621332480
970426 124200375 510809710592
1169582 153025144 628423094272
902480 139394547 572479303680
107649 125792240 518539972608
1157042 136251310 559547826176
607506 121080086 499918438400
788272 152498171 625673633792
990121 150401262 617247883264
188406 134679377 552462401536
997710 149881540 615961264128
19349 120533651 496393867264
218406 149875765 615247769600
420003 131024610 540073299968
705215 156179460 642239299584
948521 138871084 570864041984
445033 140454593 577354936320
26016 132591567 544722739200
66225 139925433 574620733440
876002 150404781 617613553664
1081469 143079192 588773588992
109001 150415760 619001405440
1212463 136262487 561149026304
372434 147778542 606084239360
769032 148825282 610098720768
675303 133646861 550139207680
233754 149880293 615820021760
173882 153568568 632568770560
432574 154593122 635176349696
179376 139920883 574132400128
460729 147785842 606937047040
1209999 121076039 499289227264
788040 152498003 625617420288
294539 123168470 508161048576
160223 128930145 530916397056
1048890 157228255 646702039040
726538 156180450 642368970752
1198252 121080776 499976536064
613841 135227686 558601064448
600694 146749596 604052840448
465552 124728208 514709737472
390006 155117336 636969287680
1127690 144131112 593570766848
1174881 132599232 545703972864
27201 132591769 544746110976
16277 126299854 519584174080
1229471 157240794 648042819584
717677 156696466 643719028736
218753 149875980 615257677824
849480 143064759 586877992960
210148 138368203 569992822784
72519 125794085 518825947136
639328 157218841 645453615104
1087008 129442462 533289181184
24967 138347590 567578386432
703668 123172602 508642590720
518743 138879850 571871768576
789776 135213831 556850810880
925125 134700493 555046002688
1144667 121064903 497812115456
760266 135200284 555350491136
720228 119491211 491273060352
285597 139393289 572327227392
935403 149357932 613260435456
1122085 134153986 551553744896
138826 140979061 579470483456
1210707 121076292 499361701888
1194556 122640664 505554010112
1077996 158270475 650242867200
226275 133645804 549992816640
21431 122637029 505143357440
792750 158265456 649608880128
603130 156688782 642852204544
448593 153543177 629642108928
773938 128912392 528551694336
876824 150401068 617227288576
847994 138345329 567390470144
1047015 141488724 580331319296
766345 158262201 649288814592
506536 152503634 626408525824
93945 145170331 596875526144
291464 144128755 593350234112
124590 156162814 640254779392
951951 151448324 622341206016
274067 129967342 534933471232
79531 128927425 530393882624
113748 147781327 606390214656
228213 147777027 605936373760
631397 129961715 533957664768
1027430 153556820 631110393856
242799 120006720 493248438272
331427 130485502 537716809728
343418 127371681 526648745984
689115 143063122 586687619072
904135 158273842 650489163776
117146 133638684 549002993664
897729 137319822 566122020864
791643 129990432 537534472192
664948 119490320 491184201728
28488 136261243 560948678656
1148768 125773246 516253073408
644283 131532113 542376558592
137079 120529080 495602298880
146777 120004131 492956356608
609360 121072035 498780925952
633252 128389162 528165482496
885589 120532093 496063664128
438887 140450190 576698916864
875924 150404890 617625812992
1087436 123176835 509246427136
447808 153543592 629671923712
344348 127371260 526632222720
898601 137320232 566161362944
394185 138372372 570532032512
949196 127354035 524306317312
1202596 122627083 503813935104
321317 150416761 619175546880
266915 136274354 562332442624
1132824 121075374 499220156416
405286 121092003 501444366336
443389 123160379 507271692288
360972 148832313 610844631040
1218408 127359258 524829491200
1088415 123177443 509312106496
912365 152512258 627591745536
1198382 133106144 547492409344
531615 127377248 527247478784
127543 146742532 603183382528
375821 135221522 557751308288
493454 123161485 507406700544
113159 147781107 606364844032
939011 153545457 629905301504
98771 135209051 556196823040
563189 121095780 501856296960
353018 156692820 643289026560
664751 119490724 491232075776
450582 151972565 623319048192
141315 139401672 573339336704
568652 135205668 555824189440
718609 156696722 643752390656
1200692 151449640 622559002624
923688 136270661 561939238912
190742 153028309 628724727808
836739 128935589 531645497344
520348 153553187 630736879616
751098 127355907 524519899136
47966 135203025 555555160064
651914 145171122 596922978304
263754 143063763 586779074560
474588 124218843 513059160064
697686 132585201 544015351808
285727 139393535 572389195776
1114603 139918133 573768941568
248998 131013672 538542297088
1243786 131033719 541427113984
1245532 122103267 503184101376
426583 124200940 510912024576
1134441 151974583 623494340608
704785 123171922 508562907136
174913 140451322 576844984320
25363 138347428 567557025792
716220 128940717 532184985600
789021 152497577 625510256640
195576 129970355 535240339456
628038 123156714 506759172096
450426 151973167 623368814592
657135 149874974 615169167360
434972 145166701 596432764928
894809 155115732 636809555968
140003 150412073 618437201920
78019 141499695 581481783296
325825 120004756 493018214400
558128 158277260 650963779584
608064 132586341 544100069376
464667 143585447 589816037376
288846 150418797 619431440384
982404 136273104 562207916032
711268 132594181 544955101184
1188085 153565219 632182562816
339069 137315637 565656506368
138603 140979581 579550085120
538120 138873634 570951069696
590171 135205398 555799261184
1219069 127363259 525299597312
871877 154591636 635005353984
1201094 119479766 489810976768
827217 124725328 514392764416
484739 144139628 594488758272
934111 126293574 518940057600
355954 144129544 593446371328
1106633 122635739 504973537280
802993 129960731 533928644608
246974 144134720 594044911616
742517 156176577 641781530624
40890 142023362 583687634944
905892 123175348 508913336320
802767 129960614 533914914816
698772 147803893 609110380544
311197 152506986 626787876864
907733 121052688 496706666496
877458 155640430 638685913088
19079 120532726 496262066176
597362 126298476 519439048704
432995 154592829 635154317312
607006 121080031 499910307840
1020650 145176650 597710471168
1234646 129981436 536425857024
580510 127342086 522866089984
471112 124198013 510515826688
871129 154590981 634887081984
1116866 155121903 637561208832
466797 127357268 524680097792
264736 123164756 507740327936
134471 120533934 496432558080
859173 129978936 536132423680
403078 133644898 549917388800
1241383 158275438 650672500736
488284 128942701 532373110784
567916 135205680 555825889280
541825 153551663 630636806144
1246213 127360746 525076992000
666732 151969592 622942117888
358903 125786951 517895258112
521596 136774920 563022360576
183945 133632665 548404641792
603722 156688777 642851905536
637886 125770440 515892129792
897210 135201949 555468038144
1168767 157212545 644762783744
197763 139398932 572949983232
469745 122624880 503521095680
334069 137314751 565585915904
887686 122627672 503924228096
696964 136270381 561880027136
807435 146737538 602684665856
1016687 144117480 591858003968
158554 153567999 632471404544
195221 150931914 621195280384
536252 148826425 610200551424
744312 134678232 552333123584
145367 151446710 622155010048
32952 157221312 645796298752
538729 138873936 571136167936
638835 157219643 645574443008
979943 155644829 639165587456
422473 126828838 521723953152
1056090 134152321 551371747328
854775 134685048 553073070080
813942 143589620 590324731904
177654 144123782 592548892672
125125 156161592 640092123136
617074 132590448 544553656320
5901 145681798 597984223232
744905 151978200 624067817472
497229 126816418 520093069312
946034 128918113 529274753024
1228362 157735615 648704294912
915181 154070959 633411268608
1158621 132609501 546943365120
654798 131015272 538747678720
760546 135200958 555387584512
181691 141503001 581837611008
390725 121065838 497935405056
1017084 144116618 591726514176
695378 122101941 502950596608
533492 150922874 619854798848
511708 121071372 498680246272
983763 123152979 506407690240
1072229 132608561 546876837888
1082720 147796217 608218746880
586389 157233105 647164502016
1133507 140969928 578483122176
575803 126296097 519178866688
746648 131008144 537846743040
68007 146755220 604707373056
611730 137307267 564491665408
743055 156176911 641815588864
201052 122638190 505252773888
446775 137323059 566536630272
531000 121089441 501175529472
1223817 125780656 516994007040
716093 128940313 532144062464
170801 127362014 525258838016
1221673 122634008 504642691072
742116 123155971 506696499200
220660 140440644 575663992832
46384 138355329 568400154624
1238880 121068280 498438262784
216851 120007871 493359398912
583165 149885622 616668590080
326739 141491868 580704763904
450726 151972993 623365668864
364551 150408330 617873805312
234922 158278488 651081580544
232693 149880903 615907725312
86365 139917728 573715042304
1176591 136267422 561623826432
821367 153028942 628763398144
471879 124197836 510492737536
392015 139397077 572768055296
230580 157229247 646786093056
722845 128919358 529452625920
748167 125791469 518451494912
467435 127357307 524686118912
309649 156177000 641820082176
1174731 132599677 545803849728
1225380 125774672 516393259008
214464 139395201 572606164992
283676 136265367 561415176192
1276876 156167807 640791445504
1273637 152505813 626664087552
762817 140978293 579411742720
66221 139925156 574655643648
678734 132596965 545333686272
533255 150923246 619946184704
1213894 128936869 531632078848
1163289 140973343 578828042240
1125078 121052766 496716763136
760578 135200374 555294208000
165091 154074040 633912225792
1118110 145696176 599775866880
371347 134156220 551815118848
157208 148833363 611053486080
110358 149370590 614873436160
51383 132606152 546527371264
1249920 146731646 601983512576
722688 123171865 508553199616
150402 131038548 541990154240
1109983 123152294 506357424128
1037427 155120530 637408804864
901536 158259150 649031565312
749187 121091119 501342420992
169423 120011090 493744091136
694936 122101186 502240899072
710183 135226608 558556499968
1239232 121069331 498505613312
589992 135204884 555776950272
566307 122632046 504385699840
496140 133655564 551139741696
1064985 150398947 617058181120
915495 154068167 633112604672
1131877 129982181 536480284672
1051679 157239559 647949639680
924573 134699835 554990305280
1006359 131040763 542249218048
506492 152503175 626366943232
93752 145170025 596835835904
753066 149365241 614125293568
590684 135204978 555786027008
133863 120534966 495933005824
798616 141496921 581217263616
6532 139926144 574737018880
1024762 136249188 559282618368
316527 146206767 600989880320
182663 141503414 581875793920
1007189 155646926 639385407488
522429 143081024 589002260480
1058831 158263804 649411133440
38720 156169074 640962027520
1253940 156171020 641191960576
478854 127375751 527147909120
1280645 139922226 574284734464
1156211 136251180 559533658112
25388 138348135 567675772928
1178349 150928635 620763758592
1187614 151978557 624086716416
317543 142015441 582670204928
593187 128938960 531874570240
1274914 155126196 638068957184
898728 137320255 566163513344
161835 142022902 583659278336
213807 137300962 563631378432
229065 140967726 578208923648
1091798 123149676 506021744640
967545 144127379 593209982976
114773 153546594 630027599872
776516 146211076 601556889600
54936 156166027 640548466688
929567 150409051 617970098176
768480 148826304 610189574144
300747 145684958 598433419264
256071 153030068 629016821760
238582 126827790 521590538240
963525 152498749 625714913280
1152775 155125028 638038081536
1160329 144136468 594230116352
184530 133634816 548603494400
555029 147253813 605518127104
633980 156698716 643878289408
853298 146755745 604804468736
209594 138368103 569980157952
6440 145681599 597967089664
1242631 154075671 634103050240
196030 129971288 535311339520
968069 144127738 593252208640
697309 132584200 543911202816
534092 132057713 542913961984
914253 154071138 633419407360
1055772 134153304 551508320256
931822 153566335 632320364544
390685 121066343 497983053824
305405 156693588 643350396928
220073 125786011 517737287680
689882 132589673 544445693952
275432 131035392 541605888000
203607 148829694 610534457344
866383 146736452 602624663552
435373 145166537 596394049536
776253 150402783 617407750144
368966 128923077 529876221952
1225721 125775403 516557733888
212173 148828502 610447360000
945516 128917136 529130250240
976555 158269893 650124500992
444525 121082581 500225560576
1235306 129980915 536360116224
898593 137320324 566171729920
142768 118955741 489199206400
525824 156698199 643869048832
521966 136774010 562883936256
1127781 144131292 593639112704
1181929 138881165 571998306304
275888 131036031 541675024384
556721 140443086 576000389120
10728 138870694 570827603968
596639 126299000 519422468096
1056018 134153233 551497801728
687215 147793120 607711559680
1081931 143078858 588036169728
363804 140973743 578868572160
1046309 127342516 522918637568
343630 127371348 526572920832
705724 156179434 642096812032
616273 146753137 604439756800
215039 139395537 572653359104
686905 147793722 607907667968
77143 124215221 512630669312
837240 128935322 531609567232
818600 149363333 613877645312
1015217 140980137 579610497024
987431 133648796 550390157312
656135 149875216 615181123584
939211 153545982 629927788544
1056524 134153403 551518306304
1042182 150412981 618714001408
723756 128918672 529347497984
581744 127341601 522809626624
603912 132058916 543025963008
975174 124719867 513697591296
809933 157216593 645049266176
303807 149353526 612622778368
83461 138363550 569407815680
442148 123159376 507186851840
274228 129966431 534623277056
441167 143085344 589506273280
967198 144127533 593228337152
764812 143078117 588688052224
783921 125244090 514813575168
1250580 124723151 514131099648
362108 131027614 540533440512
205302 124196671 510340075520
673040 128913311 528674508800
219858 125785486 517681577984
846804 142537355 584934150144
811668 146730762 601876398080
1261186 134691172 553774325760
1246857 127361244 525166125056
256388 153030348 628900716544
495092 156169382 640934645760
329182 150397326 616898002944
1261752 132603949 546260201472
593504 127364855 525675507712
457203 143070072 587587670016
638873 157219358 645496913920
532935 150922687 619893846016
781311 149882881 616153657344
130670 126830705 522178211840
1279706 145703449 600581013504
1138647 146212607 601722417152
285407 139393178 572314730496
186410 139927201 574833971200
1183697 142020961 583345180672
574531 146744244 603376152576
304879 156694155 643457765376
342418 121576663 502392848384
232504 126292958 518592311296
1263718 125783485 517336674304
38322 156168535 640871407616
216731 120007523 493317259264
648797 132598745 545649541120
672872 149351456 612432314368
73209 145682608 598090727424
427755 124209375 511970152448
494217 156169732 640994959360
358756 125787951 517973606400
607605 121079639 499748937728
244517 120017644 494553530368
1010721 155119717 637339492352
195881 129971275 535310016512
13558 147779865 606251692032
433278 140448264 576559624192
874628 127345718 523228299264
593995 127364992 525687832576
259360 121063583 497663930368
173332 126823304 521036193792
570176 126832780 522432733184
309309 158260832 649112387584
468000 127357096 524642947072
1012696 135207274 555969007616
1100631 157214886 645031727104
912371 152511302 627495677952
66769 139924294 574484287488
682003 125779741 516898091008
351099 121577592 502660997120
161710 142022268 583498915840
352107 154594387 635363020800
1049879 145169497 596766498816
196262 129970529 535256682496
1013377 135206929 556001001472
1032738 156173207 641504182272
616468 146753392 604499009536
857400 155638581 638446112768
945334 126824203 521143881728
652609 153017916 627652886528
887081 154600947 636225568768
139775 150411962 618349174784
1184532 125776069 516603887616
390612 121066720 498068869120
340542 127864130 527535964160
295875 124213088 512418041856
320710 122099814 502726361088
292078 144128701 593343021056
117983 121095059 501768650752
738637 121096654 501915656192
494391 156170346 641119043584
361502 148832384 610854072320
1118902 145696526 599794319360
1207913 122631057 504285634560
736509 123674923 510164914176
277212 144141394 594685001728
435070 145166219 596425203712
497008 126816146 520108187648
156729 148833140 610964484096
745159 151978090 624048902144
499943 156687691 642707410944
427 158267413 649854992384
508272 145156906 595256827904
541849 153552763 630713257984
103359 140982154 580003823616
47470 135203779 555668041728
1202261 122626304 503707836416
928315 128916014 529023770624
250944 143083086 589300060160
765363 138875861 571456253952
110595 149371216 614965665792
489003 141493960 580904611840
1214849 128937184 531804299264
414956 140444670 576122613760
2201 157230291 646902648832
282862 157220169 645669105664
85745 139917687 573713006592
778022 127350742 523847131136
663017 151445494 622031949824
1272060 150933368 621414555648
20261 155639966 638638489600
1058364 158262981 649358622720
310769 152506535 626722811904
708449 153550192 630429773824
1195947 129438546 532830130176
666601 151970243 623015325696
1079898 128914554 528794378240
779262 138357178 568586498048
847605 138344934 567354724352
318113 142016052 582745067520
44796 144134180 593974341632
1131696 129981981 536463220736
385842 131022323 539728048128
470406 122625942 503680069632
1171931 123166811 507917316096
756768 146747988 603828236288
241258 144118480 591914569728
59577 124221257 513428676608
1022052 154597040 635598888960
1089918 138871945 570958086144
724268 149364129 613997555712
1014475 124211627 512269639680
1239326 121069301 498503294976
877546 155640371 638681669632
545918 144112041 591083843584
543231 151976863 623828033536
519897 153553234 630740439040
992343 142539859 585228845056
927930 128916566 529096802304
642176 156175463 641693364224
454945 131009487 538064048128
482907 144132995 593834803200
492318 119483801 490321260544
628789 154599372 636041129984
228532 147777787 605983088640
331012 124219777 513102184448
1107324 122635788 504979501056
218778 149876810 615371636736
83710 138364555 569565462528
1055339 133633551 548478693376
750845 127355995 524547510272
1037471 155120027 637318623232
496650 133656180 551253258240
770904 140983781 580194791424
602184 124203678 511299203072
984831 137301920 563772653568
660515 156174546 641599655936
1030875 120013694 494218735616
939699 153545548 629915275264
671691 149351556 612433485824
1224693 127373522 526879068160
1011547 134692964 553955942400
3497 127373181 526807855104
