0.00002406
0.000017145
0.000017385
0.00003693
0.000045995
0.000031213
0.000060061
0.000033358
0.000032166
0.000036219
0.000018338
0.000033835
0.000080804
0.000021199
0.0000181
0.000048617
0.0000193
0.000017861
0.000020722
0.000022868
0.00002263
0.000021437
0.000017861
0.000021437
0.000017622
0.000045517
0.000042476
0.000028352
0.000027398
0.000017861
0.000041464
0.000045041
0.00002406
0.000053147
0.000040272
0.000017622
0.00002169
0.000017145
0.000035266
0.00004528
0.0000181
0.00005124
0.000023107
0.000017145
0.000019053
0.000035027
0.000030258
0.000049809
0.000033597
0.00003692
0.000019292
0.000018099
0.000039796
0.000022153
0.000017623
0.00004218
0.000017623
0.000020007
0.000054339
0.000052432
0.000023583
0.000028828
0.000019291
0.000023822
0.000050763
0.000028829
0.000018099
0.000017145
0.000019053
0.000141362
0.000017146
0.000026445
0.000041465
0.000017861
0.000025729
0.000031213
0.0000181
0.00002408
0.000025252
0.000050524
0.000021199
0.0000181
0.000020007
0.000029543
0.00003908
0.000047424
0.000017861
0.000038603
0.000029305
0.000017861
0.000038365
0.000046471
0.000017385
0.000038604
0.000024298
0.000018338
0.000018338
0.000018576
0.000017384
0.00002407
0.00002408
0.000041226
0.000050763
0.000017861
0.00002407
0.000017146
0.000023821
0.0000181
0.000017146
0.000043848
0.00004051
0.000023822
0.000042477
0.000022152
0.000025252
0.000018338
0.0000181
0.000017623
0.000048141
0.000048856
0.000022391
0.000037412
0.000031451
0.000050286
0.000017861
0.000018815
0.000029067
0.000017384
0.000032167
0.000050048
0.000035981
0.000042476
0.000018099
0.000051478
0.000039081
0.000054101
0.00003765
0.0000181
0.000018338
0.000042656
0.000019053
0.000048379
0.000017146
0.000047186
0.000021199
0.000019053
0.000017384
0.000042238
0.000022153
0.000018338
0.000018338
0.000025968
0.000256756
0.000017623
0.00002096
0.000024537
0.00002407
0.000209312
0.000018338
0.000047902
0.000024536
0.000022153
0.000042895
0.000042953
0.000024537
0.000060538
0.000017146
0.000018099
0.000017384
0.000046709
0.000018576
0.000017623
0.000023345
0.000018338
0.000024299
0.000022868
0.000018337
0.00001931
0.000018099
0.000023822
0.000017146
0.000030498
0.000042895
0.000019768
0.000032882
0.0000193
0.000018577
0.00004957
0.00004361
0.000044087
0.000052431
0.000051717
0.000023583
0.0000181
0.000023106
0.000027398
0.000040511
0.000042954
0.000039557
0.000017622
0.00002406
0.0000181
0.000023821
0.000020245
0.000022391
0.000018814
0.000033835
0.00004814
0.000021437
0.000042715
0.000052909
0.000059107
0.000018576
0.000018815
0.000017861
0.00003692
0.000018577
0.000051716
0.000042715
0.000022629
0.000048856
0.000026444
0.000018815
0.000020483
0.000017861
0.000042477
0.000038842
0.000017861
0.000017861
0.000035266
0.000052909
0.000042477
0.000025729
0.000017623
0.000018577
0.000023583
0.000040273
0.000022867
0.000051954
0.000017146
0.00004814
0.000020007
0.000037888
0.000022391
0.000033597
0.000023821
0.000027874
0.000042715
0.000045279
0.000017623
0.000046709
0.000031928
0.000042238
0.000042476
0.00002096
0.000018338
0.000020006
0.000057677
0.000017623
0.000037411
0.000037888
0.000029305
0.000032643
0.000029782
0.000030259
0.000061492
0.000023106
0.00003002
0.000058392
0.0000541
0.000038603
0.000028351
0.000019291
0.000027398
0.000031213
0.000053385
0.000045041
0.00002859
0.000021676
0.0000193
0.000055293
0.000021437
0.000053623
0.000044802
0.000019769
0.000028113
0.00002096
0.00002169
0.000022629
0.000019768
0.000033597
0.000051955
0.000022153
0.000027159
0.000027397
0.000031451
0.000019053
0.000036219
0.000046948
0.000019291
0.000017861
0.000032882
0.000025252
0.00001953
0.000035027
0.000022629
0.000025968
0.00001953
0.000029305
0.000020722
0.000052909
0.000045041
0.000050763
0.000054816
0.000026444
0.00002169
0.000019769
0.000106552
0.000019769
0.000031928
0.000022868
0.000030259
0.000022153
0.000028828
0.000034551
0.000047186
0.000017145
0.000020007
0.000019053
0.000039319
0.000023583
0.000020245
0.000042953
0.000034074
0.000020007
0.000020245
0.000022868
0.00002407
0.000026921
0.000033119
0.000025252
0.000027636
0.000020245
0.00002407
0.000043133
0.000042657
0.000042477