0.000179661515
0.000124529119
0.000280904536
0.000579388381
0.000506170511
0.000022436381
0.000021460769
0.000022098065
0.000021416186
0.000021017546
0.000021311279
0.000021001816
0.0000211618
0.000020621535
0.00002082872
0.000020521875
0.00002106214
0.00002286911
0.000020477292
0.000020996569
0.000020902156
0.000020553346
0.000020781519
0.00002189088
0.000020472045
0.000020500898
0.000020802496
0.000020553346
0.000020605805
0.00002059794
0.000020923133
0.000020786766
0.000020726442
0.000020687106
0.000023228403
0.000020771025
0.000020692353
0.000020794631
0.00002129292
0.000021046399
0.000021709919
0.00002265406
0.00002167583
0.000021117206
0.000020936256
0.000020841832
0.000020734307
0.000021007063
0.000020508763
0.000022871728
0.000020870685
0.000020734307
0.000021140812
0.000020886426
0.000020687106
0.000023015971
0.000020857573
0.000020773654
0.000022431134
0.000021167036
0.000023086789
0.000022950411
0.000020933627
0.000020781519
0.000021439792
0.00002293467
0.000020715948
0.000021022793
0.000020836596
0.000020280601
0.000020466809
0.000020430091
0.00002076316
0.000022163625
0.000021631236
0.000020999198
0.000021266696
0.000020833967
0.000020532369
0.000020870685
0.000020789384
0.000020799878
0.000020592693
0.000020723824
0.000020744801
0.000020558593
0.000020705465
0.000021271943
0.000022391798
0.000021851544
0.000020839214
0.000020957233
0.000023370028
0.00002096248
0.000020354037
0.000020868067
0.000020458933
0.000021565676
0.000021644359
0.000021917104
0.000021125082
0.000020975592
0.000020810361
0.000020495651
0.000021067376
0.000020747419
0.00002081299
0.000020975592
0.000023089407
0.00002049828
0.000020870685
0.000020435338
0.000020558593
0.000021313908
0.000020881179
0.000021211619
0.000020936256
0.000020765778
0.000020742183
0.000020844461
0.000020395991
0.000020923133
0.000020555975
0.000020715948
0.000020736936
0.000020723824
0.000020802496
0.000021130318
0.00002097821
0.000025630715
0.00002086282
0.000020508763
0.000020676612
0.000022814033
0.000020752666
0.000020175694
0.000020566458
0.000020642523
0.000022672419
0.000022808786
0.00002051401
0.000020689724
0.000022751091
0.000021290302
0.000026073938
0.000020241265
0.00002097821
0.000020721195
0.000020818237
0.000021054264
0.000020542863
0.000020629411
0.000021416186
0.000020409103
0.000023808004
0.000021431927
0.00002086282
0.000020865438
0.000020999198
0.000020608423
0.000020744801
0.000020159964
0.000022835021
0.000020710712
0.000020545481
0.000020312072
0.00002228952
0.000021733525
0.000023259874
0.000021067376
0.000020692353
0.000020495651
0.000020340914
0.00002303433
0.00002029896
0.000020673994
0.000022567512
0.000024403335
0.000023050071
0.000020946739
0.000020744801
0.000021662707
0.000021211619
0.000021090982
0.000020721195
0.000020896909
0.000022913693
0.000020388126
0.000020388126
0.000020833967
0.000020931009
0.000021109341
0.000020931009
0.000021130318
0.000020865438
0.000020542863
0.000023031712
0.000020852326
0.000020799878
0.000022053482
0.000020367149
0.000020558593
0.000021146059
0.000020805125
0.000020574334
0.000021041152
0.00002039862
0.000021424051
0.000021507981
0.000021400456
0.000021618124
0.000021138194
0.000020896909
0.000020524504
0.000020765778
0.000020676612
0.00002071333
0.000021961687
0.000022098065
0.000024340393
0.000021345379
0.000021250966
0.000020574334
0.000022244926
0.000020702836
0.000022027258
0.000022528176
0.0000220902
0.000021080499
0.000021416186
0.000020991322
0.000020744801
0.000021463398
0.000020650388
0.000021851544
0.00002204037
0.000026066062
0.000020826102
0.000021371603
0.000021827938
0.000021222113
0.0000206635
0.000020839214
0.000021174912
0.000021361109
0.000021738772
0.000021311279
0.000021156553
0.00002056384
0.000020401238
0.000020647759
0.00002081299
0.000020230771
0.000020390744
0.000021250966
0.000023026465
0.000021371603
0.000020917897
0.000020907403
0.000020826102
0.000021434545
0.000020875932
0.000021300796
0.000023758174
0.000023758174
0.000021269325
0.000022053482
0.000021851544
0.000024088625
0.000021486993
0.000021363738
0.000021190642
0.000020645141
0.000020574334
0.000020658253
0.000021206383
0.00002214003
0.000021883015
0.000025630715
0.000024429559
0.000021159171
0.000021363738
0.000020527122
0.000020980839
0.000024004695
0.000020427462
0.000021049028
0.000026805636
0.000022108559
0.000024224992
0.000020666118
0.000020673994
0.000020566458
0.000020590064
0.000021096229
0.000020818237
0.000020841832
0.000020490404
0.000024183038
0.000022218702
0.000021119835
0.000020910021
0.000021185395
0.000020823484
0.000020831349
0.000023621796
0.000021106723
0.000023752927
0.000021109341
0.000020634647
0.000021104094
0.00002189088
0.000021153924
0.000021224742
0.000024432177
0.000020875932
0.000020747419
0.000021072623
0.000020595311
0.000020847079
0.000021190642
0.000021198507
0.000020951986
0.000021153924
0.000022512435
0.000021117206
0.000021258831
0.000020569087
0.000023396252
0.000021188024
0.000020972963
0.000020555975
0.000020527122
0.000021201136
0.000020841832
0.000020938874
0.000021193271
0.000021033287
0.000026664022
0.000020755295
0.000021646977
0.000023207426
0.000020980839
0.000020435338
0.00002049828
0.000022895334
0.000020700218