0.00005124
0.000056962
0.000083903
0.000071028
0.000040988
0.000090579
0.00004814
0.000056962
0.000115374
0.000276307
0.000071982
0.000075558
0.000089148
0.000056246
0.00005124
0.000092009
0.000054577
0.000030736
0.00008891
0.000057915
0.000039319
0.000092248
0.000047187
0.000046948
0.000118474
0.000054101
0.000039319
0.000092963
0.000054577
0.000098923
0.000096539
0.0000572
0.000092248
0.000040988
0.000094155
0.000058631
0.000235537
0.000067691
0.000041464
0.000061253
0.000052432
0.000058869
0.000043133
0.000121812
0.000064829
0.00012658
0.000055531
0.000040272
0.000096301
0.000101784
0.000041226
0.000040511
0.000057439
0.0000572
0.000113467
0.000052432
0.000052432
0.000040034
0.000096539
0.000040988
0.000050524
0.000070075
0.000146845
0.000048855
0.000040272
0.000092248
0.000093201
0.000086764
0.000052909
0.000096778
0.000066022
0.000079135
0.000040511
0.000096539
0.000107268
0.000040272
0.000039796
0.000121573
0.000040272
0.000085333
0.000093678
0.00007675
0.000051955
0.00011299
0.00006626
0.000048855
0.000071744
0.000067214
0.000068883
0.000046948
0.000041703
0.000056723
0.000054101
0.000040034
0.000097016
0.000098923
0.000097493
0.000040511
0.000126103
0.000067929
0.00003908
0.000069121
0.000066737
0.000040749
0.000170449
0.000056962
0.000062922
0.000133256
0.000040511
0.000045756
0.000102023
0.00011156
0.000064829
0.000143984
0.000064114
0.000063637
0.000064591
0.00007532
0.000062445
0.000092724
0.000091771
0.000064591
0.000131348
0.000097731
0.000069359
0.000038127
0.000072697
0.000040988
0.000040988
0.00005267
0.000116328
0.000047187
0.000052193
0.000040749
0.000100592
0.000086287
0.000095109
0.000039796
0.00004671
0.000135163
0.000040034
0.000060776
0.000089863
0.000039557
0.000049571
0.000043133
0.000042418
0.000084141
0.000041226
0.000129918
0.000051716
0.000041226
0.000063876
0.000118712
0.000049571
0.000039319
0.000039319
0.000037888
0.000055531
0.000047187
0.000040272
0.000045518
0.000040034
0.000066975
0.000067929
0.000049332
0.000038603
0.000050524
0.000049571
0.000057439
0.000053862
0.000053385
0.000058869
0.000124673
0.000039557
0.000125865
0.000120143
0.000044564
0.00007675
0.000039319
0.000038603
0.000131348
0.000061015
0.000101308
0.000040034
0.000095585
0.000057915
0.00005124
0.000060776
0.000091294
0.000063161
0.000059823
0.000062207
0.000178794
0.000091294
0.000094155
0.000069359
0.000045041
0.000041703
0.000091771
0.000089148
0.00003908
0.00009487
0.000091294
0.000124434
0.000092248
0.000050286
0.000048379
0.000068406
0.000062922
0.000141362
0.000120858
0.000048855
0.000085572
0.000040749
0.000039319
0.00009034
0.00009034
0.000059584
0.000122527
0.000039796
0.00009034
0.00008891
0.000091294
0.000091294
0.000110844
0.000038127
0.000071267
0.000181893
0.000064829
0.000050048
0.000050286
0.000101308
0.000056485
0.000064114
0.000102976
0.000039319
0.000101546
0.000050286
0.000077466
0.000052909
0.000050763
0.000080804
0.000056246
0.000040034
0.000121573
0.000040511
0.000092248
0.000056008
0.000053862
0.000064591
0.000062684
0.00008581
0.000065306
0.000065306
0.000080804
0.000089625
0.000092724
0.000039557
0.00015519
0.000071505
0.000039319
0.000090102
0.000040749
0.000061492
0.000041226
0.000040988
0.000114182
0.000077943
0.000039319
0.000103453
0.000074128
0.000094393
0.000075797
0.00005577
0.000156859
0.000040034
0.00006173
0.000099639
0.000088671
0.000091056
0.000135163
0.000047187
0.00003908
0.000071505
0.00004671
0.000061968
0.000120143
0.000040034
0.000080565
0.000094632
0.000091294
0.000038603
0.000089148
0.00016878
0.000094155
0.000154236
0.000098208
0.000143269
0.000056485
0.000041226
0.000047425
0.000059346
0.000111083
0.000098685
0.00005577
0.000075081
0.0001416
0.000039557
0.000056246
0.000096062
0.000056008
0.000054577
0.00003908
0.000058869
0.000049809
0.000078181
0.000091056
0.000056246
0.000040034
0.000089863
0.000059107
0.000047425
0.000047187
0.000040272
0.000056485
0.000049571
0.000076035
0.000124196
0.000052909
0.000039796
0.000074128
0.000052909
0.000045279
0.000253895
0.000060538
0.000040511
0.000072936
0.000097016
0.000097016
0.000070313
0.000040749
0.000047425
0.000065068
0.0000572
0.00009487
0.000052909