0.000021199
0.000015716
0.000044087
0.000022391
0.000044803
0.000024536
0.000058869
0.000033119
0.000036219
0.000031689
0.000015238
0.000030736
0.000032166
0.000018815
0.000018815
0.000017385
0.000015239
0.000018815
0.000015715
0.000015715
0.000038126
0.000016668
0.000015476
0.000026444
0.000048856
0.000019291
0.000015716
0.000038365
0.000024298
0.00001643
0.000026921
0.000015954
0.000015238
0.000016192
0.000045041
0.000039796
0.000015
0.000015477
0.000033358
0.000050048
0.000030497
0.000020245
0.000017385
0.000049333
0.000044326
0.000036935
0.000027874
0.000016192
0.000026921
0.000034312
0.000016431
0.000045279
0.000044802
0.000015477
0.000021676
0.000039319
0.000018815
0.000015716
0.000046233
0.000048856
0.000029066
0.000036458
0.000015477
0.000015715
0.000050286
0.000071029
0.000018338
0.00008438
0.000067929
0.000139454
0.000165442
0.000027159
0.00015066
0.000015716
0.000015239
0.000044325
0.000015239
0.000015715
0.000015238
0.000016669
0.000015477
0.000018815
0.000047902
0.000034789
0.000036696
0.000015239
0.000015715
0.000034789
0.000050286
0.000015238
0.000035981
0.000045518
0.000015476
0.000043849
0.000015715
0.000015954
0.000020484
0.000015715
0.000016192
0.000015715
0.000015715
0.000047425
0.000031212
0.000026444
0.000033597
0.000050286
0.000017384
0.000016908
0.00001643
0.000020722
0.000038365
0.000015239
0.000018815
0.00001643
0.00001643
0.000015238
0.000015476
0.000048617
0.000044326
0.000044087
0.000015715
0.000029066
0.000016192
0.00004814
0.000047901
0.000015238
0.000043372
0.000047663
0.000017861
0.000044325
0.000043372
0.00001643
0.000018815
0.000044803
0.000021199
0.000051478
0.000018815
0.000015239
0.000015716
0.000045756
0.000018338
0.000030974
0.000016431
0.000045518
0.000015715
0.000016192
0.000015477
0.000017384
0.000015477
0.000015954
0.000016669
0.000045518
0.000253418
0.000016192
0.000017861
0.000021199
0.000016192
0.000205258
0.000016192
0.000044564
0.000016907
0.000044803
0.000016192
0.000015477
0.000018815
0.000073413
0.000015239
0.000031212
0.000015238
0.000036934
0.000046472
0.000040988
0.000018815
0.000016192
0.000016669
0.000030974
0.000015477
0.000016669
0.000020484
0.000015715
0.000034073
0.000029782
0.000042656
0.000016192
0.000042656
0.000015477
0.000048141
0.000016907
0.000026444
0.000044802
0.000049332
0.000048856
0.000015238
0.000047902
0.000041703
0.000019292
0.000015239
0.000015953
0.000041226
0.000016431
0.000015238
0.000016669
0.000015238
0.000018815
0.000015239
0.000045279
0.000015715
0.000016669
0.000015477
0.00004814
0.000050048
0.000017146
0.000015238
0.000017861
0.000015954
0.000041941
0.000043848
0.000028351
0.000047901
0.000016907
0.000015477
0.00003312
0.00004504
0.000017384
0.000095585
0.000020484
0.000025729
0.000112513
0.000015954
0.00002263
0.000015238
0.000015238
0.000047187
0.000015477
0.000015239
0.000033596
0.000037412
0.000015239
0.000049093
0.00004361
0.000043372
0.000015715
0.000022153
0.000018815
0.000015716
0.000015954
0.000015239
0.00003765
0.000015238
0.000015477
0.000047425
0.000024537
0.000015716
0.000015476
0.000015715
0.000016431
0.000045279
0.000054816
0.000015238
0.000031689
0.000032643
0.000015238
0.000017145
0.000036935
0.000015954
0.000035266
0.000019768
0.000052432
0.000055769
0.000031212
0.00004528
0.000125626
0.000015715
0.000050048
0.000030974
0.000017861
0.000015477
0.00005124
0.000016192
0.000032881
0.000050048
0.000035742
0.000034073
0.000040034
0.000015477
0.000043849
0.000035981
0.000029067
0.000031212
0.000015954
0.000048617
0.000037173
0.000015477
0.000047901
0.000037888
0.000015954
0.000022868
0.000030497
0.000061491
0.000015238
0.000016431
0.000018815
0.000019291
0.000015953
0.000040749
0.000037173
0.000128011
0.000015238
0.000015238
0.000091293
0.000048141
0.000016192
0.000015239
0.000049809
0.000024537
0.000016192
0.000015715
0.000101546
0.000048378
0.000045995
0.000033597
0.000016669
0.00001643
0.000015238
0.00004814
0.000049809
0.000017145
0.000015716
0.000015477
0.000016908
0.000015953
0.000015477
0.000019053
0.000023583
0.000043372
0.000018815
0.000034074
0.00001953
0.000016669
0.000015477
0.000041464
0.000027874
0.000015715
0.000016192
0.000015477
0.000015477
0.000015954