0.015539646
0.011761427
0.011698723
0.011716843
0.011743069
0.011676550
0.011653900
0.011665583
0.015191078
0.015023232
0.015403748
0.016237736
0.017029047
0.016663790
0.016376495
0.015933752
0.012959719
0.011875868
0.012020111
0.012315035
0.017008066
0.012556553
0.017972708
0.017020702
0.012501001
0.012257338
0.012809515
0.012859106
0.012356281
0.014934540
0.013704777
0.014919996
0.014866114
0.015816450
0.016018629
0.014941931
0.015718937
0.014364481
0.015497684
0.015139103
0.013013363
0.013926029
0.013012886
0.015196085
0.015465498
0.015707254
0.015229940
0.016789675
0.016784191
0.017280817
0.016954899
0.014595985
0.016725302
0.015387535
0.015070200
0.013190985
0.014421463
0.014915466
0.015140057
0.016998291
0.016643763
0.016199350
0.015590668
0.016074657
0.016725540
0.015778542
0.015329599
0.015613556
0.015216112
0.015309811
0.014654160
0.014033556
0.012478590
0.015173197
0.016510487
0.015843391
0.014538050
0.016529322
0.015903234
0.016122818
0.013872862
0.013062477
0.014830112
0.014454365
0.014477015
0.014947891
0.015149355
0.014942646
0.014794350
0.016787052
0.016614914
0.012380123
0.015815973
0.015681028
0.016117573
0.013086319
0.013557673
0.014843941
0.012402296
0.016777992
0.013863802
0.016254425
0.013427019
0.015040159
0.013055086
0.015170097
0.012396097
0.012321472
0.012279510
0.012410641
0.012261391
0.012263536
0.012374401
0.012351990
0.014413357
0.012288570
0.013888359
0.012227774
0.012417555
0.012216330
0.012319088
0.012236834
0.012378216
0.012372017
0.012562990
0.012326241
0.012291431
0.012340546
0.012313604
0.012950420
0.012429476
0.013180256
0.014706612
0.012263536
0.012251377
0.012484312
0.012260437
0.012513638
0.012195826
0.012413502
0.012439251
0.012279272
0.012264490
0.012229681
0.012340546
0.012414217
0.013022184
0.012243748
0.013158798
0.012451887
0.012287855
0.012403250
0.013565302
0.012272596
0.012237549
0.012467861
0.012450695
0.012439489
0.012392044
0.012203217
0.012388945
0.012446642
0.012313128
0.012329817
0.012393713
0.012318373
0.012270689
0.012360573
0.012311697
0.012398720
0.012320995
0.012429237
0.012513876
0.012339115
0.012167931
0.012337685
0.012264729
0.012298822
0.012252808
0.012339830
0.012472630
0.012249231
0.012408972
0.012338877
0.012366295
0.012426138
0.012356043
0.012428999
0.012372494
0.012329578
0.012259007
0.012345552
0.012325764
0.012290478
0.012231350
0.012342930
0.012331247
0.012253761
0.012396812
0.012325048
0.012385368
0.012241125
0.012464523
0.012415886
0.012416840
0.012290478
0.012248278
0.012321949
0.012257099
0.012312412
0.012269497
0.012217283
0.012132406
0.012353182
0.012220383
0.012315750
0.012233019
0.012245655
0.012401581
0.012347460
0.012393236
0.012335300
0.012300253
0.012443781
0.012380123
0.012291193
0.012402773
0.012346506
0.012321234
0.012463570
0.012364149
0.012253761
0.012378693
0.012233496
0.012306690
0.019398928
0.012328625
0.012216568
0.012335300
0.012239218
0.012365341
0.012400150
0.012405634
0.012326241
0.012240648
0.012345076
0.012338877
0.012268782
0.012303114
0.014876604
0.012371540
0.012416124
0.012259007
0.012268782
0.012444735
0.012422800
0.012403727
0.012356281
0.012235403
0.012330770
0.012392044
0.012398958
0.012444735
0.012533426
0.012302160
0.012249231
0.012316704
0.012412071
0.012255430
0.012345791
0.012358427
0.012336731
0.012456179
0.012241602
0.012325525
0.012241125
0.012536526
0.012757778
0.012359619
0.012374401
0.012290001
0.012235641
0.012300968
0.012300253
0.012282848
0.012402058
0.012442827
0.012437820
0.012227774
0.012267828
0.012357950
0.012191296
0.012565136
0.012272120
0.012345552
0.012469053
0.012230635
0.012276888
0.012287855
0.012489557
0.012188196
0.012395620
0.012268066
0.012390375
0.012367725
0.012259722
0.012531281
0.012300730
0.012248278
0.012210846
0.012292147
0.012327671
0.012374878
0.012307167
0.012268066
0.012216330
0.012330532
0.012322426
0.012349606
0.012180805
0.012406826
0.012335777
0.012346268
0.012261391
0.012222767
0.012297153
0.012334824
0.012385845
0.012388945
0.012353897
0.012271166
0.012248039
0.012261868
0.012282848
0.012178183
0.012408495
0.012323856
0.012289047
0.012356758
0.012272596
0.012250423
