0.002351522
0.002101660
0.001529217
0.000999928
0.010322094
0.002198219
0.000906467
0.000468969
0.000461817
0.000472546
0.000450373
0.000452280
0.000461340
0.000466585
0.000452280
0.000453949
0.000452042
0.000457525
0.000498772
0.000446558
0.000449896
0.000453949
0.000447512
0.000447750
0.000479221
0.000446558
0.000451803
0.000451565
0.000447273
0.000447035
0.000457287
0.000455618
0.000451565
0.000451326
0.000455618
0.000498533
0.000457764
0.000452280
0.000452995
0.000465870
0.000456810
0.000488520
0.000480413
0.000481606
0.000453711
0.000461817
0.000452280
0.000450611
0.000458002
0.000448227
0.000484228
0.000452995
0.000462294
0.000456810
0.000455618
0.000449419
0.000498533
0.000451803
0.000455141
0.000484228
0.000459909
0.000483274
0.000490904
0.000452757
0.000452042
0.000479698
0.000494719
0.000445366
0.000458241
0.000453949
0.000444651
0.000447989
0.000445843
0.000463963
0.000465870
0.000478506
0.000454426
0.000459433
0.000452995
0.000457764
0.000456810
0.000452042
0.000449657
0.000444889
0.000449181
0.000447750
0.000447035
0.000449657
0.000475168
0.000469923
0.000477791
0.000448942
0.000461102
0.000482321
0.000454664
0.000445843
0.000456572
0.000444651
0.000484705
0.000454903
0.000482559
0.000455141
0.000453234
0.000452757
0.000454903
0.000462532
0.000447989
0.000452280
0.000470877
0.000490904
0.000442982
0.000451088
0.000445366
0.000459194
0.000459194
0.000465631
0.000483751
0.000452518
0.000449419
0.000453472
0.000456572
0.000447512
0.000454426
0.000447989
0.000447035
0.000449419
0.000451326
0.000456572
0.000452280
0.000463724
0.000541210
0.000447750
0.000441313
0.000448942
0.000488043
0.000446796
0.000434875
0.000442505
0.000442743
0.000478029
0.000478506
0.000436068
0.000454903
0.000478268
0.000481606
0.000544548
0.000437260
0.000461578
0.000443935
0.000456572
0.000446558
0.000440836
0.000445843
0.000465631
0.000452280
0.000516415
0.000469208
0.000443935
0.000452042
0.000451565
0.000446558
0.000446320
0.000439405
0.000485182
0.000463724
0.000445127
0.000440836
0.000467300
0.000478745
0.000480890
0.000453949
0.000453711
0.000450373
0.000448704
0.000488758
0.000442028
0.000453711
0.000478029
0.000542641
0.000482559
0.000449896
0.000452995
0.000457764
0.000466824
0.000458479
0.000450134
0.000452995
0.000484467
0.000441074
0.000442743
0.000456095
0.000450134
0.000462770
0.000452042
0.000476122
0.000447512
0.000449657
0.000487804
0.000448704
0.000448704
0.000475645
0.000442982
0.000446796
0.000455856
0.000455618
0.000443697
0.000465393
0.000445366
0.000481606
0.000466585
0.000468731
0.000447273
0.000462294
0.000449896
0.000452757
0.000449419
0.000448465
0.000457764
0.000466824
0.000471115
0.000498295
0.000467062
0.000463486
0.000454664
0.000469923
0.000449419
0.000491381
0.000473738
0.000481844
0.000450134
0.000467539
0.000450850
0.000447512
0.000460863
0.000445843
0.000490189
0.000468016
0.000589848
0.000450373
0.000466108
0.000468731
0.000461340
0.000452995
0.000455141
0.000453949
0.000478745
0.000463963
0.000470638
0.000453949
0.000451326
0.000447750
0.000448942
0.000449896
0.000441790
0.000447035
0.000472546
0.000481844
0.000469446
0.000454664
0.000448704
0.000456572
0.000461578
0.000455379
0.000459671
0.000511885
0.000498295
0.000473976
0.000462770
0.000476837
0.000492811
0.000462770
0.000469208
0.000464439
0.000460386
0.000446796
0.000452042
0.000457764
0.000496149
0.000472307
0.000556707
0.000497103
0.000458479
0.000464201
0.000441790
0.000450850
0.000489235
0.000433207
0.000465155
0.000527620
0.000482798
0.000495911
0.000450373
0.000450373
0.000447989
0.000447273
0.000455618
0.000461102
0.000451803
0.000441790
0.000494242
0.000494242
0.000451803
0.000454903
0.000452518
0.000450373
0.000452518
0.000491381
0.000453472
0.000514746
0.000455141
0.000446796
0.000468016
0.000460863
0.000453472
0.000465155
0.000491142
0.000452518
0.000450373
0.000451326
0.000442982
0.000453234
0.000453711
0.000452042
0.000450850
0.000470161
0.000475407
0.000452995
0.000460625
0.000437975
0.000492096
0.000456333
0.000448227
0.000441313
0.000455379
0.000458717
0.000449181
0.000449896
0.000454426
0.000472784
0.000527382
0.000440836
0.000472784
0.001381874
0.001036167
0.000914812
0.000964403
0.001531124
0.000451326
0.000452518
0.000480652
0.000482082
0.000472546
0.000571251
0.002372503
0.000450611
0.000463009

