0.016332865
0.011320829
0.025536776
0.052671671
0.046015501
0.002039671
0.001950979
0.002008915
0.001946926
0.001910686
0.001937389
0.001909256
0.001923800
0.001874685
0.001893520
0.001865625
0.001914740
0.002079010
0.001861572
0.001908779
0.001900196
0.001868486
0.001889229
0.001990080
0.001861095
0.001863718
0.001891136
0.001868486
0.001873255
0.001872540
0.001902103
0.001889706
0.001884222
0.001880646
0.002111673
0.001888275
0.001881123
0.001890421
0.001935720
0.001913309
0.001973629
0.002059460
0.001970530
0.001919746
0.001903296
0.001894712
0.001884937
0.001909733
0.001864433
0.002079248
0.001897335
0.001884937
0.001921892
0.001898766
0.001880646
0.002092361
0.001896143
0.001888514
0.002039194
0.001924276
0.002098799
0.002086401
0.001903057
0.001889229
0.001949072
0.002084970
0.001883268
0.001911163
0.001894236
0.001843691
0.001860619
0.001857281
0.001887560
0.002014875
0.001966476
0.001909018
0.001933336
0.001893997
0.001866579
0.001897335
0.001889944
0.001890898
0.001872063
0.001883984
0.001885891
0.001868963
0.001882315
0.001933813
0.002035618
0.001986504
0.001894474
0.001905203
0.002124548
0.001905680
0.001850367
0.001897097
0.001859903
0.001960516
0.001967669
0.001992464
0.001920462
0.001906872
0.001891851
0.001863241
0.001915216
0.001886129
0.001892090
0.001906872
0.002099037
0.001863480
0.001897335
0.001857758
0.001868963
0.001937628
0.001898289
0.001928329
0.001903296
0.001887798
0.001885653
0.001894951
0.001854181
0.001902103
0.001868725
0.001883268
0.001885176
0.001883984
0.001891136
0.001920938
0.001907110
0.002330065
0.001896620
0.001864433
0.001879692
0.002074003
0.001886606
0.001834154
0.001869678
0.001876593
0.002061129
0.002073526
0.001864910
0.001880884
0.002068281
0.001935482
0.002370358
0.001840115
0.001907110
0.001883745
0.001892567
0.001914024
0.001867533
0.001875401
0.001946926
0.001855373
0.002164364
0.001948357
0.001896620
0.001896858
0.001909018
0.001873493
0.001885891
0.001832724
0.002075911
0.001882792
0.001867771
0.001846552
0.002026320
0.001975775
0.002114534
0.001915216
0.001881123
0.001863241
0.001849174
0.002094030
0.001845360
0.001879454
0.002051592
0.002218485
0.002095461
0.001904249
0.001885891
0.001969337
0.001928329
0.001917362
0.001883745
0.001899719
0.002083063
0.001853466
0.001853466
0.001893997
0.001902819
0.001919031
0.001902819
0.001920938
0.001896858
0.001867533
0.002093792
0.001895666
0.001890898
0.002004862
0.001851559
0.001868963
0.001922369
0.001891375
0.001870394
0.001912832
0.001854420
0.001947641
0.001955271
0.001945496
0.001965284
0.001921654
0.001899719
0.001865864
0.001887798
0.001879692
0.001883030
0.001996517
0.002008915
0.002212763
0.001940489
0.001931906
0.001870394
0.002022266
0.001882076
0.002002478
0.002048016
0.002008200
0.001916409
0.001946926
0.001908302
0.001885891
0.001951218
0.001877308
0.001986504
0.002003670
0.002369642
0.001893282
0.001942873
0.001984358
0.001929283
0.001878500
0.001894474
0.001924992
0.001941919
0.001976252
0.001937389
0.001923323
0.001869440
0.001854658
0.001877069
0.001892090
0.001839161
0.001853704
0.001931906
0.002093315
0.001942873
0.001901627
0.001900673
0.001893282
0.001948595
0.001897812
0.001936436
0.002159834
0.002159834
0.001933575
0.002004862
0.001986504
0.002189875
0.001953363
0.001942158
0.001926422
0.001876831
0.001870394
0.001878023
0.001927853
0.002012730
0.001989365
0.002330065
0.002220869
0.001923561
0.001942158
0.001866102
0.001907349
0.002182245
0.001857042
0.001913548
0.002436876
0.002009869
0.002202272
0.001878738
0.001879454
0.001869678
0.001871824
0.001917839
0.001892567
0.001894712
0.001862764
0.002198458
0.002019882
0.001919985
0.001900911
0.001925945
0.001893044
0.001893759
0.002147436
0.001918793
0.002159357
0.001919031
0.001875877
0.001918554
0.001990080
0.001923084
0.001929522
0.002221107
0.001897812
0.001886129
0.001915693
0.001872301
0.001895189
0.001926422
0.001927137
0.001904726
0.001923084
0.002046585
0.001919746
0.001932621
0.001869917
0.002126932
0.001926184
0.001906633
0.001868725
0.001866102
0.001927376
0.001894712
0.001903534
0.001926661
0.001912117
0.002424002
0.001886845
0.001967907
0.002109766
0.001907349
0.001857758
0.001863480
0.002081394
0.001881838
0.001872778
0.001953363
0.002015829
0.002056122
0.002263546
0.002101421
0.001868486
0.001909018
0.002019167
