0.003856659
0.000170708
0.003909826
0.000059366
0.021796465
0.059821129
0.005706310
0.007023573
0.015440464
0.023775816
0.006918430
0.007547855
0.003290892
0.000067711
0.003316879
0.000074863
0.003322124
0.000053883
0.003322601
0.000061989
0.003268480
0.000056744
0.003305197
0.000074863
0.003292084
0.000072002
0.003319263
0.000092983
0.003284216
0.000072002
0.003290176
0.000068903
0.003276587
0.000055313
0.003305674
0.000079870
0.003335476
0.000076294
0.003268719
0.000068903
0.003314495
0.000061750
0.003300190
0.000064135
0.003269911
0.000054359
0.003273487
0.000051498
0.003369570
0.000076771
0.003277302
0.000061035
0.003282547
0.000066996
0.003289223
0.000070810
0.003272057
0.000061750
0.003273249
0.000059605
0.003287315
0.000070095
0.003292322
0.000069141
0.003313303
0.000079155
0.003278732
0.000062466
0.003284216
0.000066280
0.003431797
0.000161171
0.003294945
0.000072241
0.003276348
0.000059605
0.003344297
0.000066519
0.003316164
0.000081301
0.003316879
0.000080347
0.003322601
0.000079393
0.003328800
0.000072241
0.003330231
0.000074625
0.003316164
0.000069618
0.003309488
0.000075340
0.003278494
0.000065565
0.003308535
0.000080109
0.003301620
0.000064373
0.003275633
0.000056267
0.003399372
0.000118732
0.003292322
0.000064850
0.003305912
0.000074387
0.003321171
0.000085354
0.003295183
0.000086308
0.003277540
0.000063896
0.003383875
0.000121832
0.003295422
0.000069618
0.003281832
0.000068426
0.003382683
0.000109434
0.003299713
0.000066757
0.003349543
0.000116110
0.003376722
0.000120163
0.003283262
0.000062466
0.003277302
0.000063658
0.003294230
0.000067711
0.003398180
0.000078201
0.003285408
0.000062466
0.003295183
0.000074863
0.003320217
0.000085592
0.003340960
0.000067234
0.003330708
0.000047922
0.003348827
0.000072718
0.003293276
0.000056267
0.003325701
0.000062943
0.003331184
0.000074387
0.003296614
0.000069141
0.003309965
0.000080347
0.003309011
0.000084877
0.003285885
0.000077486
0.003288269
0.000062466
0.003275633
0.000058889
0.003304005
0.000060320
0.003268242
0.000054359
0.003273487
0.000061035
0.003290653
0.000058413
0.003316402
0.000052929
0.003279448
0.000071764
0.003314018
0.000076771
0.003320932
0.000066042
0.003357887
0.000079393
0.003338814
0.000067949
0.003287315
0.000068903
0.003413439
0.000149012
0.003279686
0.000081778
0.003267527
0.000054598
0.003300667
0.000061512
0.003291845
0.000059128
0.003320217
0.000072718
0.003290892
0.000051260
0.003333569
0.000080585
0.003292799
0.000069857
0.003304243
0.000071049
0.003291607
0.000081539
0.003291845
0.000075340
0.003292084
0.000071287
0.003290653
0.000068665
0.003296614
0.000061989
0.003290653
0.000062704
0.003367186
0.000116587
0.003274202
0.000055552
0.003275633
0.000063419
0.003263235
0.000053167
0.003269434
0.000052929
0.003291368
0.000048637
0.003281355
0.000064850
0.003337860
0.000086069
0.003286839
0.000073910
0.003285170
0.000066996
0.003292084
0.000064611
0.003297091
0.000090837
0.003264427
0.000051737
0.003289700
0.000062227
0.003286123
0.000056267
0.003276587
0.000065804
0.003285646
0.000065088
0.003283978
0.000064135
0.003288984
0.000065088
0.003286362
0.000081301
0.003290415
0.000074148
0.003448009
0.000109434
0.003280163
0.000070572
0.003265381
0.000055790
0.003274918
0.000084639
0.003382921
0.000136614
0.003286362
0.000081539
0.003296614
0.000047684
0.003268719
0.000062704
0.003321648
0.000062466
0.003350973
0.000114441
0.003355265
0.000113964
0.003254414
0.000049114
0.003279209
0.000064850
0.003367662
0.000131607
0.003305912
0.000084639
0.003432274
0.000119209
0.003250360
0.000047684
0.003322840
0.000067949
0.003273726
0.000061989
0.003283739
0.000089884
0.003269911
0.000068665
0.003304958
0.000059843
0.003278494
0.000065565
0.003324270
0.000080585
0.003269911
0.000066757
0.003352404
0.000083923
0.003307104
0.000072956
0.003270626
0.000069141
0.003276825
0.000066280
0.003291130
0.000090599
0.003281116
0.000090599
0.003271103
0.000061512
0.003311872
0.000050545
0.003352880
0.000132084
0.003260136
0.000066042
0.003275156
0.000054836
0.003255606
0.000049829
0.003335714
0.000066280
0.003324270
0.000076056
0.003397226
0.000137568
0.003311157
0.000077248
0.003274918
0.000072956
0.003276587
0.000069618
0.003262281
0.000068903
0.003390312
0.000121593
0.003266096
0.000052691
0.003273249
0.000060081
0.003384352
0.000124931
