0.001231909
0.001307011
0.000073910
0.000063419
0.000134230
0.000092983
0.000048637
0.000079155
0.000048399
0.000042915
0.000034332
0.000042439
0.000040770
0.000047207
0.000039577
0.000038147
0.000032425
0.000046492
0.000069618
0.000040293
0.000050545
0.000050545
0.000038147
0.000036001
0.000046492
0.000034094
0.000043631
0.000041485
0.000041723
0.000039577
0.000041485
0.000043869
0.000054836
0.000047922
0.000039339
0.000101566
0.000049353
0.000040770
0.000047684
0.000045300
0.000050306
0.000061750
0.000059366
0.000043869
0.000044107
0.000043154
0.000041008
0.000043631
0.000049591
0.000038147
0.000088215
0.000045538
0.000053406
0.000041962
0.000042439
0.000039816
0.000087976
0.000037670
0.000050545
0.000082493
0.000042439
0.000076294
0.000072956
0.000039577
0.000036478
0.000051498
0.000061274
0.000039816
0.000047684
0.000041008
0.000033379
0.000038147
0.000062943
0.000047445
0.000066280
0.000045538
0.000043631
0.000043154
0.000046015
0.000047445
0.000037670
0.000042677
0.000044584
0.000039339
0.000043869
0.000040770
0.000037670
0.000043631
0.000054121
0.000057697
0.000046730
0.000042200
0.000039101
0.000074863
0.000041246
0.000032902
0.000046253
0.000035524
0.000059128
0.000045300
0.000051975
0.000041485
0.000041485
0.000043631
0.000045776
0.000043631
0.000041962
0.000043631
0.000047445
0.000095367
0.000035763
0.000046730
0.000034332
0.000037909
0.000041246
0.000047922
0.000057459
0.000043392
0.000042200
0.000042200
0.000042439
0.000031948
0.000043869
0.000043392
0.000047922
0.000043392
0.000036478
0.000041485
0.000053406
0.000049353
0.000088215
0.000047445
0.000031948
0.000041962
0.000082016
0.000043392
0.000036716
0.000069380
0.000046253
0.000087976
0.000093460
0.000031948
0.000035763
0.000103712
0.000057936
0.000118971
0.000035524
0.000040770
0.000037432
0.000040770
0.000038147
0.000039577
0.000037909
0.000058651
0.000039577
0.000081778
0.000046015
0.000040531
0.000038862
0.000045061
0.000043392
0.000046253
0.000034332
0.000080109
0.000041962
0.000042677
0.000037909
0.000057220
0.000049353
0.000073671
0.000051260
0.000040293
0.000037432
0.000034332
0.000088453
0.000037670
0.000038147
0.000077724
0.000123262
0.000081062
0.000040770
0.000041008
0.000047684
0.000043869
0.000044107
0.000044107
0.000040770
0.000086546
0.000035048
0.000036478
0.000039101
0.000043631
0.000046492
0.000046968
0.000049353
0.000039339
0.000041723
0.000088215
0.000043631
0.000044584
0.000046015
0.000036716
0.000036716
0.000044107
0.000045300
0.000038385
0.000041485
0.000035763
0.000056505
0.000054359
0.000041246
0.000046253
0.000046492
0.000039339
0.000044584
0.000045776
0.000037193
0.000038862
0.000051498
0.000041962
0.000097752
0.000051260
0.000048876
0.000044823
0.000064850
0.000037909
0.000062704
0.000060797
0.000055313
0.000040770
0.000047922
0.000042915
0.000036478
0.000046730
0.000036240
0.000060558
0.000054836
0.000117540
0.000037432
0.000055075
0.000053167
0.000051975
0.000051975
0.000040770
0.000044584
0.000049114
0.000046492
0.000042439
0.000039339
0.000052691
0.000030518
0.000045061
0.000045538
0.000035763
0.000029802
0.000049353
0.000063896
0.000041723
0.000040054
0.000038147
0.000037193
0.000048161
0.000039101
0.000048399
0.000082493
0.000096083
0.000051260
0.000058889
0.000047445
0.000097275
0.000047922
0.000050306
0.000050545
0.000047922
0.000036001
0.000035763
0.000047922
0.000065327
0.000054359
0.000101566
0.000093222
0.000045538
0.000045776
0.000036955
0.000043392
0.000094175
0.000040054
0.000062466
0.000117779
0.000063419
0.000087738
0.000036955
0.000039339
0.000041485
0.000031948
0.000046730
0.000048637
0.000043869
0.000036240
0.000069618
0.000064850
0.000049114
0.000054359
0.000045061
0.000046015
0.000041962
0.000103951
0.000046492
0.000094175
0.000044346
0.000036716
0.000047207
0.000047684
0.000048637
0.000037909
0.000102997
0.000042439
0.000037432
0.000046253
0.000038147
0.000040054
0.000046015
0.000050068
0.000044107
0.000048161
0.000061750
0.000050306
0.000045061
0.000037670
0.000087023
0.000046492
0.000050783
0.000041246
0.000047684
0.000046730
0.000042439
0.000039816
0.000040293
0.000045061
0.000135422
0.000034809
0.000049353
0.000057697
0.000036955
0.000027180
0.000031233
0.000069141
0.000036955
0.000036716
0.000046968
0.000057697
0.000048637
0.000086069
0.000068665
0.000028610
0.000036955
