0.000135422
0.000046015
0.025615454
0.000117302
0.012882233
0.000082731
0.003032446
0.000581980
0.003070831
0.006179810
0.013153315
0.000044823
0.014493942
0.000055313
0.000045300
0.000029325
0.000099421
0.000067711
0.000061750
0.000023842
0.000058413
0.000036001
0.005776882
0.000035286
0.000040531
0.000024796
0.000035524
0.000021696
0.000099421
0.000090361
0.000090361
0.000060081
0.000097990
0.000067949
0.000047207
0.000027418
0.000097990
0.000065804
0.000048637
0.000035286
0.000100851
0.000079870
0.000041008
0.000023842
0.000048876
0.000028849
0.000098467
0.000065088
0.000058413
0.000037432
0.000100136
0.000065565
0.000118494
0.000087738
0.000052929
0.000026941
0.000082731
0.000055313
0.000033855
0.000020266
0.000110149
0.000025749
0.000044346
0.000029564
0.000100136
0.000068188
0.000099659
0.000062943
0.000051975
0.000026703
0.000036955
0.000025034
0.000081778
0.000054598
0.000101089
0.000072002
0.000106573
0.000055313
0.000041485
0.000023603
0.000038385
0.000024319
0.000056982
0.000036240
0.000044346
0.000025988
0.000033855
0.000021935
0.000036478
0.000022173
0.000099421
0.000064611
0.000113249
0.000021935
0.000044346
0.000026464
0.000033855
0.000020504
0.000098467
0.000065804
0.000093222
0.000058174
0.000101566
0.000065088
0.000101566
0.000063896
0.000039339
0.000024080
0.000098705
0.000063896
0.000061989
0.000055552
0.000043392
0.000027895
0.000045061
0.000025988
0.000054359
0.000036478
0.000043869
0.000028610
0.000099659
0.000065804
0.000038385
0.000023603
0.000037193
0.000023127
0.000064611
0.000042439
0.000098944
0.000064135
0.000101328
0.000023365
0.000099182
0.000063181
0.000101805
0.000070572
0.000049591
0.000030279
0.000085592
0.000053167
0.000100136
0.000065088
0.000092506
0.000062704
0.000043869
0.000025988
0.000098705
0.000063658
0.000034809
0.000020742
0.000107527
0.000029325
0.000098944
0.000064135
0.000100851
0.000085592
0.000088930
0.000057936
0.000102043
0.000065088
0.000102520
0.000064611
0.000102997
0.000053406
0.000103474
0.000068665
0.000098705
0.000065565
0.000048161
0.000030279
0.000047684
0.000030518
0.000055552
0.000034332
0.000100374
0.000065804
0.000099421
0.000065088
0.000099421
0.000065804
0.000045776
0.000027180
0.003942966
0.000034571
0.000051022
0.000031471
0.000036716
0.000022650
0.000033617
0.000020504
0.000044107
0.000028372
0.000044346
0.000029325
0.000036716
0.000021696
0.000036001
0.000021696
0.000038385
0.000020266
0.000036716
0.000021696
0.012027502
0.000043631
0.000039339
0.000023127
0.000097752
0.000067711
0.000035286
0.000020742
0.000098705
0.000077486
0.000370979
0.000089884
0.000053167
0.000026226
0.000065565
0.000038385
0.000037432
0.000020504
0.000050783
0.000026703
0.000097275
0.000023127
0.000040054
0.000023365
0.000038862
0.000021219
0.000034571
0.000020266
0.000034332
0.000020504
0.000090122
0.000057936
0.000111580
0.000063181
0.000055075
0.000031471
0.000036001
0.000020504
0.000118017
0.000077963
0.000097513
0.000045776
0.000037670
0.000021219
0.000036240
0.000023365
0.000098944
0.000061989
0.000112534
0.000082016
0.000106096
0.000072479
0.000042677
0.000024080
0.000047922
0.000030518
0.000034094
0.000020266
0.000034571
0.000020027
0.007571697
0.000054359
0.000100374
0.000063419
0.000060797
0.000041723
0.000050783
0.000033379
0.000093222
0.000057697
0.000097752
0.000066519
0.000045300
0.000023365
0.000043869
0.000027895
0.000130415
0.000063181
0.000062704
0.000036716
0.000098228
0.000063181
0.000081778
0.000042439
0.000052214
0.000028372
0.000099897
0.000022888
0.000149250
0.000041485
0.000098467
0.000062704
0.000101805
0.000064850
0.000047922
0.000029087
0.000037670
0.000022173
0.000037193
0.000020266
0.004904270
0.000033617
0.000100136
0.000063658
0.000081778
0.000023603
0.000098944
0.000065565
0.000063419
0.000023365
0.000042677
0.000029325
0.000099659
0.000065565
0.000098705
0.000026941
0.000063181
0.000055552
0.000100374
0.000063181
0.000098228
0.000063181
0.000039101
0.000021458
0.000033379
0.000020266
0.000035286
0.000020981
0.000035048
0.000019789
0.000047445
0.000021935
0.000041723
0.000025272
0.000098228
0.000064611
0.000099897
0.000064611
0.000093937
0.000065565
0.000093937
0.000058889
0.000093937
0.000062943
0.000034809
0.000021458
0.000099659
0.000065804
0.000100613
0.000062227
0.000045300
0.000028372
0.000035524
0.000020027
0.000043631
0.000026464
0.000035524
0.000020981
0.000036001
0.000020981
0.005247116
0.000039816
0.000045538
0.000025511
0.000042677
0.000026226
0.000035048
0.000021458
0.000043631
0.000026464
0.000035048
0.000021696
0.000043869
0.000025511
0.000098228
0.000054836
0.000098705
0.000061989
0.000100851
0.000063419
0.000097275
0.000025034
0.000100374
0.000065088
0.000097036
0.000073671
0.000039816
0.000022650
0.000035048
0.000020027
0.000034809
0.000022173
0.000036240
0.000022411
0.000033617
0.000020266
0.000035763
0.000020504
0.000037432
0.000032425
0.001466990
0.000047922
0.000099421
0.000065088
0.000043631
0.000029325
0.000053883
0.000036478
0.000098705
0.000065804
0.000098944
0.000064373
0.000114679
0.000064611
0.000100374
0.000065565
0.000087023
0.000054836
0.000039577
0.000020981
0.000037909
0.000023365
0.000041246
0.000025988
0.000033379
0.000020504
0.000083923
0.000053406
0.000038385
0.000025034
0.000033855
0.000020981
0.000035048
0.000019550
0.000034332
0.000022173
0.000097990
0.000062704
0.000047207
0.000029087
0.000097752
0.000066757
0.000038147
0.000022173
0.000034809
0.000021219
0.000098467
0.000064611
0.000055790
0.000032425
0.000036001
0.000022411
0.000214815
0.000076771
0.000126600
0.000076056
0.000071764
0.000035048
0.000143528
0.000066996
0.000099659
0.000064373
0.000058651
0.000022173
0.000037909
0.000021458
0.000035286
0.000025511
0.000038385
0.000023365
0.000035763
0.000021935
0.000034809
0.000019789
0.000037432
0.000023365
0.000064135
0.000043392
0.000038862
0.000020504
0.000098944
0.000063896
0.000102758
0.000029564
0.000041962
0.000031710
0.000097275
0.000020027
0.000111103
0.000023842
0.000046253
0.000027657
0.000038624
0.000020266
0.000034094
0.000021219
0.000035286
0.000019789
0.000100613
0.000065804
0.000036001
0.000022888
0.000036478
0.000021219
0.000036240
0.000029087
0.000036955
0.000021935
0.000085354
0.000052691
0.000097036
0.000063181
0.000050068
0.000025511
0.000035763
0.000022173
0.000034332
0.000020027
0.000098944
0.000063181
0.000036716
0.000022650
0.000098944
0.000066042
0.000097990
0.000063658
0.000037670
0.000022173
0.000039339
0.000022173
0.000033140
0.000020981
0.000036716
0.000020981
0.000036240
0.000022650
0.000035763
0.000020981
0.000099659
0.000066996
0.000066280
0.000045300
0.000101089
0.000063658
0.000040054
0.000021696
0.000052691
0.000023365
0.000036955
0.000022888
0.000097513
0.000065088
0.000165939
0.000044107
0.000039577
0.000023603
0.000036478
0.000023365
0.000035763
0.000020504
0.000038147
0.000022411
0.000107288
0.000051975
0.000097036
0.000066280
0.000098467
0.000064611
0.000058889
0.000036955
0.000057697
0.000037193
0.000100613
0.000064135
0.000097275
0.000062943
0.000084400
0.000052929
0.000093460
0.000059128
0.000036478
0.000021458
0.000036240
0.000020981
0.000034094
0.000021696
0.000098944
0.000062943
0.000099897
0.000062943
0.000084162
0.000053883
0.000099421
0.000066280
0.000098228
0.000063896
0.000100613
0.000043392
0.000076294
0.000047922
0.000497580
0.000027657
0.000036240
0.000020027
0.000035524
0.000022888
0.000041485
0.000024796
0.000099421
0.000065088
0.000037670
0.000022173
0.000045776
0.000028849
0.000098228
0.000065088
0.000037193
0.000021696
0.000099182
0.000024080
0.000043154
0.000026226
0.000034809
0.000021458
0.000098228
0.000064373
0.000057459
0.000036955
0.000099421
0.000064611
0.000038385
0.000025272
0.000052452
0.000031233
0.000047684
0.000027180
0.000043869
0.000027657
0.000074387
0.000045300
0.000047922
0.000031471
0.000045538
0.000027657
0.000082254
0.000054598
0.000098944
0.000062466
0.000036955
0.000020027
0.000035286
0.000021935
0.000106573
0.000028372
0.000082016
0.000054359
0.000043392
0.000027657
0.000035048
0.000020742
0.000056505
0.000037193
0.000099659
0.000062466
0.000078678
0.000051975
0.000069380
0.000026941
0.000128746
0.000053883
0.000119686
0.000064850
0.000041008
0.000020981
0.000099421
0.000075817
0.000054836
0.000036478
0.000102043
0.000065565
0.000041962
0.000026464
0.000043392
0.000040054
0.000097752
0.000067472
0.000042915
0.000025988
0.000101089
0.000062943
0.000056744
0.000045061
0.000100851
0.000065804
0.000032187
0.000021935
0.000035048
0.000020981
0.000042200
0.000021219
0.008348465
0.000044346
0.000108242
0.000065088
0.000044107
0.000030041
0.000043631
0.000026226
0.000035286
0.000025034
0.000033617
0.000025272
0.000094652
0.000061274
0.000099182
0.000049353
0.000035524
0.000020504
0.000108242
0.000063658
0.000043631
0.000034809
0.000082254
0.000024557
0.000046492
0.000027657
0.000041008
0.000020504
0.000035048
0.000020504
0.000083208
0.000054359
0.000036478
0.000020742
0.000035048
0.000021458
0.000039816
0.000021935
0.000041008
0.000028133
0.000037193
0.000022173
0.000036478
0.000025272
0.000097275
0.000062466
0.000186682
0.000050783
0.000108957
0.000064850
0.000097990
0.000063896
0.000038147
0.000021219
0.000090122
0.000082731
0.000099659
0.000052214
0.000093937
0.000056744
0.000097275
0.000065804
0.000117779
0.000055313
0.000098228
0.000066519
0.000049353
0.000031233
0.000038862
0.000022411
0.000035763
0.000021458
0.000035286
0.000020981
0.000097752
0.000065327
0.000079155
0.000051737
0.000036716
0.000020504
0.004122972
0.000034094
0.000052929
0.000033379
0.000089645
0.000059366
0.000045061
0.000034809
0.000036001
0.000022411
0.000032663
0.000027657
0.000099897
0.000064135
0.000098705
0.000067711
0.000083923
0.000052691
0.000101089
0.000065565
0.000061750
0.000024319
0.000100136
0.000062704
0.000098228
0.000065565
0.000039101
0.000022888
0.000039577
0.000020266
0.000035048
0.000022173
0.000078440
0.000053406
0.000048161
0.000022650
0.000099421
0.000065804
0.000100613
0.000061750
0.000087023
0.000038147
0.000045776
0.000028610
0.000097990
0.000061512
0.000100374
0.000058174
0.000099897
0.000052929
0.000037432
0.000024319
0.000100613
0.000066042
0.000098228
0.000064373
0.000099659
0.000062704
0.000038385
0.000023127
0.005749226
0.000034332
0.000098705
0.000061274
0.000038862
0.000024796
0.000036716
0.000020981
0.000100136
0.000063419
0.000036478
0.000021696
0.000037193
0.000020027
0.000090837
0.000057697
0.000098705
0.000065088
0.000098944
0.000065565
0.000034809
0.000021458
0.000035048
0.000020266
0.000036955
0.000022888
0.000044584
0.000028610
0.000057220
0.000035286
0.000095844
0.000025988
0.000092506
0.000070810
0.000034094
0.000021696
0.000036716
0.000022411
0.000099897
0.000064373
0.000082970
0.000054121
0.000386715
0.000088453
0.000060558
0.000033140
0.000045300
0.000022173
0.000048637
0.000024080
0.000097752
0.000065565
0.000091553
0.000050306
0.000039577
0.000024796
0.000034332
0.000026226
0.000036478
0.000020504
0.011175156
0.000039577
0.000100613
0.000066280
0.000045061
0.000028372
0.000036001
0.000021219
0.000100851
0.000061750
0.000045061
0.000029087
0.000035048
0.000020504
0.000090122
0.000059605
0.000036716
0.000021458
0.000099897
0.000028372
0.000097752
0.000064373
0.000092745
0.000064850
0.000098705
0.000066996
0.000091314
0.000019550
0.000035048
0.000019550
0.000034332
0.000021219
0.000034571
0.000020504
0.000045061
0.000028610
0.000065327
0.000039816
0.000100136
0.000061989
0.000035763
0.000021219
0.000100374
0.000062466
0.000034332
0.000021458
0.000046253
0.000020981
0.000100851
0.000061512
0.000097275
0.000025272
0.000037670
0.000023127
0.000097752
0.000064850
0.000099182
0.000065565
0.000101566
0.000062466
0.000071049
0.000048161
0.000046730
0.000027418
0.000034571
0.000035286
0.000035286
0.000021219
0.000053644
0.000021935
0.001525164
0.000026941
0.000789881
0.000027895
0.000036955
0.000024080
0.002838850
0.000057697
0.000046015
0.000027180
0.005062580
0.000039101
0.000100136
0.000029564
0.000036955
0.000023127
0.000036716
0.000023842
0.000045300
0.000028372
0.000034094
0.000020981
0.000045300
0.000026941
0.000040770
0.000029564
0.000098944
0.000065327
0.000109911
0.000066042
0.000044107
0.000027657
0.000036955
0.000022888
0.000040531
0.000026226
0.000098467
0.000062704
0.000102282
0.000071049
0.000055790
0.000038147
0.000092506
0.000065804
0.000046492
0.000033140
0.000034571
0.000019550
0.000100613
0.000065804
0.000098944
0.000067472
0.000054359
0.000024557
0.000097990
0.000061989
0.000091791
0.000056982
0.000109911
0.000063181
0.000037432
0.000022411
0.000037432
0.000021458
0.000037432
0.000020266
0.000069618
0.000029087
0.000040054
0.000020027
0.000108480
0.000054121
0.000100374
0.000063181
0.000097990
0.000066280
0.000102997
0.000066042
0.000092506
0.000059605
0.000033140
0.000020742
0.000098944
0.000061989
0.000047922
0.000031233
0.000036955
0.000020504
0.000101328
0.000065565
0.000091791
0.000059128
0.000076056
0.000046730
0.000098705
0.000066996
0.000037193
0.000020504
0.000079393
0.000048876
0.000097036
0.000065565
0.000044346
0.000026226
0.000036240
0.000021219
0.000036240
0.000022173
0.000042677
0.000026464
0.000097990
0.000064373
0.000037670
0.000021219
0.000098944
0.000064373
0.000098705
0.000063181
0.000036478
0.000020981
0.000033140
0.000020981
0.000035763
0.000020981
0.000036716
0.000023842
0.000036001
0.000020742
0.000099421
0.000067472
0.000045061
0.000026941
0.000036955
0.000020981
0.000110865
0.000066280
0.000054359
0.000035763
0.000044823
0.000028133
0.000089407
0.000058651
0.000036240
0.000020266
0.000097990
0.000066042
0.000099897
0.000065088
0.000035048
0.000020504
0.001591921
0.000039339
0.000218630
0.000072718
0.000051737
0.000027657
0.000106573
0.000053167
0.000048876
0.000023842
0.000098228
0.000076771
0.000037909
0.000022173
0.000096798
0.000065565
0.000100136
0.000048399
0.000036478
0.000035763
0.001183271
0.000040531
0.000036478
0.000021935
0.000036478
0.000022411
0.000099659
0.000062943
0.000118971
0.000078678
0.000109196
0.000053883
0.000102043
0.000063896
0.000063181
0.000063181
0.000044346
0.000026941
0.000034809
0.000022888
0.005441189
0.000034571
0.000041008
0.000021696
0.000089645
0.000057220
0.000041485
0.000024557
0.000098228
0.000065327
0.000038385
0.000024557
0.000144005
0.000080585
0.000045538
0.000030994
0.000043154
0.000026226
0.000037909
0.000021219
0.002027988
0.000044107
0.000119209
0.000062943
0.000099897
0.000064850
0.000099659
0.000065327
0.000086069
0.000045776
0.000115871
0.000073910
0.000102758
0.000063181
0.000039577
0.000022411
0.000041485
0.000024557
0.000262976
0.000069380
0.000098228
0.000063896
0.000041485
0.000023603
0.000098228
0.000065088
0.000091314
0.000058889
0.000100851
0.000058651
0.000116587
0.000064135
0.000058413
0.000035763
0.000099421
0.000066280
0.000040054
0.000024796
0.000041723
0.000021458
0.000098228
0.000066996
0.000101089
0.000066280
0.000100136
0.000067472
0.000051975
0.000033140
0.000071049
0.000044107
0.000077486
0.000051260
0.000039101
0.000023603
0.000035524
0.000021458
0.000036955
0.000021935
0.000092030
0.000057697
0.000074148
0.000046968
0.000036955
0.000022650
0.000053167
0.000029802
0.000097990
0.000062943
0.000054598
0.000034332
0.000034809
0.000020266
0.000033855
0.000020027
0.000098467
0.000051022
0.000036478
0.000021219
0.000092030
0.000057459
0.000098705
0.000061989
0.000037670
0.000022888
0.000043869
0.000025749
0.000036716
0.000020981
0.000099897
0.000061989
0.000102758
0.000054598
0.000036001
0.000020027
0.000091314
0.000058174
0.000100613
0.000115871
0.000084877
0.000051498
0.000043392
0.000029802
0.000036240
0.000020027
0.000169992
0.000081062
0.000056267
0.000029802
0.000042915
0.000019550
0.000041962
0.000020742
0.000037670
0.000020504
0.000089169
0.000061989
0.000112534
0.000063658
0.000040293
0.000024080
0.004220486
0.000032902
0.000100613
0.000063181
0.000091791
0.000072718
0.000085592
0.000052929
0.000051737
0.000031948
0.000033617
0.000020981
0.000099421
0.000065327
0.000090361
0.000057936
0.000044107
0.000025749
0.000036478
0.000020266
0.003298521
0.000033617
0.000100136
0.000064135
0.000089645
0.000058174
0.000099659
0.000068426
0.000035763
0.000020981
0.000065088
0.000041008
0.000044584
0.000026464
0.000034571
0.000020742
0.000099659
0.000061989
0.000094652
0.000060797
0.001424313
0.000035524
0.000100136
0.000061989
0.000098944
0.000065327
0.000047922
0.000027657
0.000035048
0.000019550
0.000097513
0.000064373
0.000100613
0.000065327
0.000090599
0.000024319
0.000098705
0.000061989
0.000113249
0.000066519
0.000056744
0.000042439
0.000047922
0.000030041
0.000043631
0.000028133
0.000034571
0.000019550
0.000044584
0.000028133
0.000039816
0.000023127
0.000037193
0.000021458
0.000097990
0.000063181
0.000046968
0.000030041
0.000036478
0.000020742
0.004102230
0.000033140
0.000100613
0.000082731
0.000036478
0.000021458
0.000036240
0.000020266
0.000110626
0.000061989
0.000098228
0.000062943
0.000046253
0.000035048
0.000033379
0.000020742
0.000035524
0.000020981
0.000041962
0.000022888
0.002751589
0.000056744
0.000059128
0.000034332
0.000081539
0.000023127
0.000073910
0.000044584
0.000099659
0.000028610
0.000083447
0.000055313
0.000054598
0.000027180
0.000058174
0.000024319
0.000098467
0.000062227
0.000038624
0.000022173
0.004417658
0.000041723
0.000100136
0.000065327
0.000043392
0.000023365
0.000043869
0.000027180
0.000035286
0.000020266
0.000034571
0.000022173
0.000098944
0.000064850
0.000097513
0.000064611
0.000047684
0.000036716
0.000036478
0.000024080
0.000097036
0.000065804
0.000100374
0.000062943
0.000102997
0.000065088
0.000081539
0.000022173
0.000104189
0.000064135
0.000090122
0.000058174
0.000035286
0.000020742
0.000043869
0.000027895
0.000034571
0.000020742
0.000149965
0.000063181
0.000049829
0.000032902
0.000101089
0.000065565
0.000040054
0.000024557
0.000099897
0.000064850
0.000099421
0.000022411
0.000114202
0.000062704
0.000101328
0.000065088
0.000078678
0.000051975
0.000074148
0.000045300
0.000093222
0.000019312
0.000097752
0.000063896
0.000100613
0.000061989
0.000036478
0.000020742
0.000116825
0.000062466
0.000052929
0.000030756
0.000056267
0.000038147
0.000098705
0.000065565
0.000042915
0.000029325
0.000035763
0.000020742
0.000036478
0.000020027
0.006749153
0.000039339
0.000099659
0.000063419
0.000048637
0.000029564
0.000034571
0.000023127
0.000036240
0.000020981
0.000097513
0.000064850
0.000038624
0.000022650
0.000051260
0.000033617
0.000043154
0.000026703
0.000036240
0.000020981
0.000663042
0.000046730
0.000100374
0.000062466
0.000034094
0.000020742
0.000098228
0.000023127
0.000405073
0.000064373
0.000044823
0.000022173
0.000128746
0.000028849
0.000124216
0.000063419
0.000040054
0.000023842
0.000071764
0.000042439
0.000039339
0.000023365
0.000039101
0.000022411
0.000034094
0.000025034
0.000098467
0.000065327
0.000036716
0.000019789
0.000043154
0.000026703
0.000037193
0.000021696
0.000034094
0.000020504
0.000099182
0.000062227
0.000099897
0.000037193
0.000080109
0.000039577
0.000100851
0.000063419
0.000098705
0.000028849
0.000099659
0.000065327
0.000033855
0.000019550
0.000046492
0.000033379
0.000041246
0.000023603
0.000089884
0.000058889
0.000037193
0.000022650
0.000094414
0.000028372
0.000098467
0.000063181
0.000128269
0.000089407
0.000045538
0.000029325
0.000091314
0.000056267
0.000053883
0.000032902
0.000034571
0.000021458
0.000037670
0.000021935
0.000035524
0.000020981
0.000099182
0.000072956
0.000049829
0.000031710
0.000056744
0.000036716
0.000044107
0.000020266
0.000043869
0.000034332
0.000099182
0.000062943
0.000050068
0.000026464
0.000098467
0.000083447
0.000118494
0.000061989
0.000037432
0.000024557
0.000033617
0.000020504
0.000035286
0.000021219
0.000098228
0.000063419
0.000068903
0.000040293
0.000053167
0.000033140
0.000090837
0.000056982
0.000093222
0.000057936
0.000098467
0.000063181
0.000108004
0.000063181
0.000115871
0.000064611
0.000101566
0.000066042
0.000045538
0.000030279
0.001749516
0.000034571
0.000092983
0.000056267
0.000144243
0.000072718
0.000049353
0.000029564
0.000040770
0.000022411
0.000035048
0.000020981
0.000036955
0.000023365
0.000097036
0.000052929
0.000056505
0.000036478
0.000100851
0.000061750
0.000045776
0.000028372
0.000099897
0.000063419
0.000057459
0.000038624
0.000098467
0.000065565
0.000037670
0.000020742
0.000066280
0.000042439
0.000099421
0.000064373
0.000098228
0.000062466
0.000099659
0.000063658
0.000040054
0.000025272
0.000036478
0.000021696
0.000044107
0.000027657
0.000035286
0.000021219
0.000083685
0.000052214
0.000064373
0.000033617
0.000092268
0.000059843
0.000036240
0.000020742
0.000077963
0.000049114
0.000041008
0.000024080
0.000034571
0.000020027
0.004332542
0.000040054
0.000034094
0.000020027
0.000032902
0.000020981
0.000038147
0.000030518
0.000082731
0.000038385
0.000096798
0.000064611
0.000039339
0.000023127
0.000097752
0.000062466
0.000037432
0.000021696
0.000099659
0.000060558
0.000035524
0.000021696
0.000044107
0.000027657
0.000036955
0.000023603
0.000034332
0.000020742
0.000037909
0.000021696
0.000097513
0.000086069
0.000037909
0.000023365
0.000097036
0.000063896
0.000036955
0.000021696
0.000034094
0.000020027
0.000099182
0.000065327
0.000035524
0.000020504
0.000035286
0.000030994
0.000098944
0.000061274
0.000064135
0.000041008
0.000039816
0.000025749
0.000099421
0.000065327
0.000097036
0.000061512
0.000037909
0.000023603
0.000099897
0.000061989
0.000084162
0.000053644
0.000062227
0.000039339
0.000036001
0.000021696
0.000033855
0.000020266
0.000034809
0.000019789
0.000035763
0.000021935
0.000036240
0.000020742
0.000096321
0.000072002
0.000084162
0.000052214
0.000117064
0.000061512
0.000039577
0.000023127
0.000037909
0.000023127
0.000097513
0.000024796
0.000035763
0.000020981
0.000173569
0.000084162
0.000123262
0.000070572
0.000118256
0.000065088
0.000133276
0.000042677
0.000098705
0.000062227
0.000038147
0.000021935
0.000098228
0.000065088
0.000099182
0.000073910
0.000098467
0.000064373
0.000099421
0.000061512
0.000036478
0.000020742
0.000097752
0.000063181
0.000075340
0.000047445
0.000044107
0.000027418
0.000047207
0.000030279
0.000045300
0.000027895
0.000096798
0.000063419
0.000037193
0.000021219
0.000035048
0.000020504
0.000034571
0.000020027
0.000055790
0.000022411
0.000035763
0.000043154
0.000096560
0.000025749
0.000295877
0.000027895
0.000037193
0.000022411
0.000052214
0.000032902
0.009447336
0.000033379
0.000092030
0.000056267
0.000085115
0.000056028
0.000037193
0.000021696
0.000099182
0.000060320
0.000041962
0.000026464
0.000086546
0.000048161
0.000087023
0.000022650
0.000100851
0.000057697
0.000100136
0.000061035
0.000097752
0.000062704
0.000047445
0.000027657
0.000034094
0.000020266
0.000033140
0.000019312
0.000091314
0.000056267
0.000099659
0.000074863
0.000043154
0.000024796
0.000097036
0.000068903
0.000099182
0.000063181
0.000100851
0.000062227
0.000041008
0.000022173
0.000101089
0.000062466
0.000036001
0.000021696
0.000097513
0.000061989
0.000041008
0.000021935
0.000115871
0.000098705
0.000111341
0.000071287
0.000097990
0.000064850
0.000037432
0.000021696
0.000057220
0.000041485
0.000098944
0.000062943
0.000042200
0.000026464
0.000043869
0.000027895
0.000040770
0.000020266
0.000038385
0.000020266
0.000034094
0.000025749
0.000041485
0.000020742
0.000035048
0.000022650
0.000035524
0.000035048
0.000062704
0.000034332
0.000115633
0.000058889
0.000046492
0.000023842
0.000043154
0.000028133
0.000034094
0.000019550
0.000036001
0.000020504
0.000035286
0.000020981
0.000134468
0.000076294
0.000038147
0.000020266
0.000036478
0.000022173
0.000099421
0.000068426
0.000098467
0.000073910
0.000092745
0.000058413
0.000040531
0.000025272
0.000099421
0.000061989
0.000049114
0.000022650
0.000089407
0.000056982
0.000045538
0.000026464
0.000034332
0.000020504
0.000035048
0.000020981
0.000099421
0.000061274
0.000037193
0.000022173
0.000122070
0.000060797
0.000036001
0.000022173
0.000097513
0.000064850
0.000038862
0.000022411
0.000034809
0.000020981
0.000035524
0.000020504
0.000049829
0.000023127
0.000097513
0.000076056
0.000099659
0.000064135
0.000097990
0.000066042
0.000092030
0.000057220
0.000083208
0.000052214
0.000048161
0.000030279
0.000034332
0.000020027
0.000035763
0.000020742
0.000099421
0.000063181
0.000064850
0.000043392
0.000034332
0.000020266
0.000035286
0.000020027
0.006625414
0.000056505
0.000100851
0.000064850
0.000044823
0.000029802
0.000038147
0.000024080
0.000035763
0.000020742
0.000099897
0.000062227
0.000041962
0.000023603
0.000042677
0.000027895
0.000033140
0.000019789
0.000044584
0.000019789
0.000046730
0.000027180
0.000100374
0.000061512
0.000097513
0.000066757
0.000042200
0.000026226
0.000086308
0.000052691
0.000091076
0.000062227
0.000036716
0.000020504
0.000392199
0.000095844
0.000127792
0.000028372
0.000060081
0.000025034
0.000113249
0.000066996
0.000043631
0.000024319
0.000098705
0.000070333
0.000089645
0.000023365
0.000044107
0.000026941
0.000097752
0.000073433
0.000064373
0.000039339
0.000036001
0.000022650
0.000035286
0.000020981
0.000092745
0.000057936
0.000098705
0.000053883
0.000064850
0.000048876
0.000099421
0.000063181
0.000099421
0.000062704
0.000037909
0.000021696
0.000090837
0.000066519
0.000039101
0.000021935
0.000035763
0.000021458
0.000036716
0.000032902
0.000111341
0.000062704
0.000054598
0.000034332
0.000035286
0.000019550
0.000033617
0.000020504
0.000042439
0.000025749
0.000034571
0.000019550
0.000111580
0.000094652
0.000108242
0.000062704
0.000051022
0.000029087
0.000034332
0.000019312
0.000040531
0.000024557
0.000034571
0.000037432
0.000100136
0.000061512
0.000037670
0.000023842
0.000097990
0.000064611
0.000047684
0.000030041
0.000097513
0.000065327
0.000037909
0.000020981
0.000098228
0.000061989
0.000110149
0.000021458
0.000043392
0.000024557
0.000041723
0.000026226
0.000048161
0.000028372
0.000036716
0.000025988
0.000043154
0.000025749
0.000037909
0.000030994
0.000036478
0.000021696
0.000041962
0.000020266
0.000036955
0.000021935
0.000037193
0.000021458
0.000038385
0.000020981
0.001130819
0.000031233
0.000059366
0.000026464
0.000033379
0.000020742
0.000103712
0.000024796
0.000038385
0.000022888
0.000039577
0.000025034
0.000129700
0.000075102
0.000109911
0.000066042
0.000102997
0.000063658
0.000051260
0.000030994
0.005352736
0.000046968
0.000056028
0.000033617
0.000098228
0.000066519
0.000044107
0.000027180
0.000048637
0.000023365
0.000035048
0.000021219
0.000100136
0.000061274
0.000090361
0.000061989
0.000035524
0.000022411
0.000101089
0.000061512
0.001938343
0.000039101
0.000036001
0.000020266
0.000035286
0.000022411
0.000098705
0.000061750
0.000073433
0.000045061
0.000082254
0.000052452
0.000038862
0.000020504
0.000097752
0.000063419
0.000097990
0.000044823
0.000038147
0.000020504
0.003128767
0.000081062
0.000098705
0.000062704
0.000044584
0.000028372
0.000034094
0.000023603
0.000035763
0.000021219
0.000097036
0.000062704
0.000092030
0.000057220
0.000037432
0.000024080
0.000034332
0.000018835
0.000044346
0.000025988
0.002109051
0.000025034
0.000034809
0.000020504
0.000032902
0.000020504
0.000032902
0.000020266
0.000036001
0.000020266
0.000036716
0.000022888
0.000039339
0.000021696
0.000038624
0.000023365
0.000037909
0.000021219
0.000091314
0.000057697
0.000097990
0.000042915
0.000036955
0.000021935
0.000097036
0.000041246
0.000098467
0.000063181
0.000091076
0.000056982
0.000099421
0.000062943
0.000100613
0.000023603
0.000051498
0.000032663
0.000034332
0.000020266
0.000034094
0.000019073
0.000046730
0.000039101
0.000100851
0.000066996
0.000037193
0.000027418
0.000117302
0.000064373
0.000036955
0.000020504
0.000097513
0.000061512
0.000104904
0.000020742
0.000035763
0.000020504
0.000097990
0.000064611
0.000041246
0.000025272
0.000099182
0.000060320
0.000037909
0.000022173
0.000035286
0.000022173
0.000097990
0.000064850
0.000038385
0.000021935
0.000082731
0.000047207
0.000037670
0.000022888
0.000097036
0.000066042
0.000036001
0.000021935
0.000099897
0.000066280
0.000058651
0.000036716
0.000129700
0.000045061
0.000110865
0.000066280
0.000061035
0.000029087
0.000062943
0.000026226
0.000033140
0.000020504
0.000099659
0.000063181
0.000053406
0.000029564
0.000033855
0.000020027
0.000034571
0.000019789
0.000043392
0.000026941
0.000036240
0.000025034
0.000097990
0.000053167
0.000099182
0.000064373
0.000038624
0.000021935
0.000033855
0.000020981
0.000099897
0.000061750
0.000098467
0.000062227
0.000034571
0.000020027
0.000098705
0.000065327
0.002353191
0.000040293
0.000036240
0.000021458
0.000097275
0.000066519
0.000069380
0.000043392
0.000056505
0.000036001
0.000098228
0.000066042
0.000060797
0.000038385
0.000045061
0.000027895
0.000102043
0.000056267
0.000101566
0.000062227
0.000042439
0.000025988
0.000037909
0.000020266
0.000041962
0.000020266
0.000035286
0.000021696
0.000098944
0.000061989
0.000035524
0.000021458
0.000037670
0.000020504
0.000092983
0.000059843
0.000097990
0.000064850
0.000043869
0.000025272
0.000055552
0.000035763
0.000073910
0.000046253
0.000060797
0.000041246
0.000034094
0.000024319
0.000034571
0.000020504
0.000110149
0.000079155
0.000100613
0.000062466
0.000059843
0.000038862
0.000035763
0.000020742
0.000041485
0.000021935
0.008625031
0.000084400
0.000099659
0.000051022
0.000098467
0.000063896
0.000117540
0.000088930
0.000078917
0.000053883
0.000098944
0.000057459
0.000107288
0.000076771
0.000109196
0.000065804
0.000098467
0.000064373
0.000053406
0.000026226
0.004350662
0.000032902
0.000037909
0.000021219
0.000097752
0.000064135
0.000100136
0.000062943
0.000061512
0.000036716
0.000044584
0.000029802
0.000056982
0.000036478
0.000097513
0.000066042
0.000039816
0.000023365
0.000035048
0.000021219
0.000097752
0.000064373
0.000034094
0.000020266
0.000035524
0.000021935
0.000090599
0.000061989
0.000045538
0.000026226
0.000098467
0.000029564
0.000035286
0.000020504
0.000059843
0.000028849
0.000098944
0.000061512
0.000048876
0.000036955
0.000092030
0.000059128
0.000047207
0.000029564
0.000097752
0.000062466
0.000039101
0.000022173
0.000079632
0.000048161
0.000099897
0.000026464
0.000111103
0.000072241
0.000098944
0.000063658
0.000100374
0.000070810
0.000037909
0.000021219
0.000036478
0.000023603
0.000044107
0.000026941
0.000036001
0.000021935
0.000118971
0.000063658
0.000041246
0.000024080
0.000034571
0.000020742
0.000101089
0.000055790
0.000041962
0.000026226
0.000131369
0.000026941
0.000091314
0.000057220
0.000098467
0.000063419
0.000073433
0.000043392
0.000097513
0.000064373
0.000042439
0.000025749
0.000100374
0.000064611
0.000098228
0.000064611
0.000100136
0.000064611
0.000046015
0.000028133
0.000036240
0.000020981
0.000034094
0.000019789
0.011184931
0.000039816
0.000092030
0.000059843
0.000042677
0.000027418
0.000099659
0.000062466
0.000100136
0.000062227
0.000099659
0.000083685
0.000056267
0.000035524
0.000097513
0.000064850
0.000098228
0.000023365
0.000100613
0.000062227
0.000083923
0.000056744
0.000036478
0.000020504
0.000036001
0.000020742
0.000034094
0.000019550
0.000084877
0.000052214
0.000082731
0.000053167
0.000047684
0.000028849
0.000107050
0.000050783
0.000057697
0.000038385
0.000108242
0.000065327
0.000051022
0.000038624
0.000034809
0.000020504
0.000097513
0.000064373
0.000047207
0.000022173
0.000045776
0.000027418
0.000043154
0.000027418
0.000069857
0.000044107
0.000042200
0.000026703
0.000098467
0.000061750
0.000092030
0.000019550
0.002368927
0.000034809
0.000035286
0.000020742
0.000033855
0.000020504
0.000036001
0.000020266
0.000099421
0.000061750
0.000046492
0.000029325
0.000035286
0.000020981
0.000034571
0.000020504
0.000065327
0.000023603
0.000036240
0.000023603
0.008228064
0.000050306
0.000098944
0.000030756
0.000033379
0.000019789
0.000039816
0.000023365
0.000036240
0.000022411
0.000097513
0.000063181
0.000098705
0.000065088
0.000034094
0.000020266
0.000162840
0.000074148
0.000113487
0.000021935
0.000126600
0.000062227
0.000077248
0.000039577
0.000035524
0.000022411
0.000036001
0.000021458
0.000084400
0.000051022
0.000115633
0.000077486
0.000045776
0.000027418
0.000035524
0.000020742
0.000097752
0.000064135
0.000053883
0.000026464
0.000788212
0.000041962
0.000034809
0.000020504
0.000089645
0.000060797
0.000090122
0.000059366
0.000043392
0.000031233
0.000033617
0.000020504
0.000099897
0.000065327
0.000098228
0.000062943
0.000033140
0.000020742
0.000101089
0.000063419
0.000047922
0.000030518
0.000099421
0.000063181
0.000105381
0.000064135
0.000099659
0.000062704
0.000112057
0.000062466
0.000083685
0.000053644
0.000045061
0.000031471
0.000082731
0.000054359
0.000038862
0.000023603
0.000033617
0.000023127
0.004803181
0.000036001
0.000039101
0.000022888
0.000053406
0.000034809
0.000032902
0.000019073
0.000036716
0.000020742
0.000034094
0.000023127
0.000098705
0.000065327
0.000096321
0.000062943
0.000035048
0.000020981
0.000044107
0.000025749
0.008098602
0.000039816
0.000097990
0.000064135
0.000096798
0.000028133
0.000073671
0.000044823
0.000099421
0.000063658
0.000053644
0.000036955
0.000099421
0.000063181
0.000098228
0.000065565
0.000098228
0.000062704
0.000101328
0.000065088
0.000100136
0.000064850
0.000101328
0.000067234
0.000040770
0.000022888
0.000035763
0.000021935
0.000034809
0.000019789
0.000248671
0.000069618
0.000045300
0.000036955
0.000045538
0.000026941
0.000043392
0.000030518
0.000057220
0.000040293
0.000126839
0.000050783
0.000040293
0.000022888
0.000038147
0.000022888
0.000033617
0.000021696
0.000036955
0.000022650
0.000037670
0.000026226
0.000036478
0.000023603
0.000033140
0.000021458
0.000105381
0.000070333
0.000041723
0.000026703
0.000101328
0.000068903
0.000039339
0.000024080
0.000099421
0.000066519
0.000037193
0.000022411
0.000098228
0.000065804
0.000039339
0.000025272
0.000062943
0.000029802
0.000036716
0.000022173
0.000037909
0.000024319
0.000099182
0.000066996
0.000077963
0.000032187
0.000097990
0.000084639
0.000049591
0.000023603
0.000098228
0.000066280
0.000034809
0.000022411
0.000098705
0.000075579
0.000037432
0.000023603
0.000114202
0.000065327
0.000037670
0.000022411
0.000097990
0.000066042
0.000041246
0.000025034
0.000098228
0.000067472
0.000034571
0.000021935
0.000098467
0.000064611
0.000081778
0.000056982
0.000133753
0.000072956
0.000040293
0.000026226
0.000111580
0.000067472
0.000036716
0.000023842
0.000100136
0.000068188
0.000035286
0.000022650
0.000360012
0.000068903
0.000049353
0.000024319
0.000099897
0.000066996
0.000036240
0.000032425
0.000099182
0.000065565
0.000040293
0.000026464
0.000108719
0.000066757
0.000042915
0.000026703
0.000098705
0.000063896
0.000036478
0.000024080
0.000105619
0.000067711
0.000036955
0.000021696
0.000061750
0.000038147
0.000037670
0.000023365
0.000038147
0.000026464
