471.7461769580841 4.1423728466033936 26.04578924179077
261.46107959747314 4.2588019371032715 26.106689929962158
160.20549082756042 4.320360422134399 26.27737045288086
62.312154054641724 4.371481895446777 26.405270099639893
21.15096926689148 4.773801803588867 26.865180253982544
4.865915060043335 5.061912298202515 27.30791711807251
427.24147939682007 6.888134479522705 76.71697115898132
204.36432433128357 7.0000622272491455 76.793203830719
100.9235999584198 7.039359092712402 76.8681092262268
16.41673707962036 7.0894105434417725 76.9963116645813
3.0614686012268066 7.218838930130005 77.15735220909119
3.644902467727661 7.1438257694244385 77.29413151741028
406.10589361190796 4.152820587158203 101.36640858650208
180.3093090057373 4.294618844985962 101.47744870185852
79.48289704322815 4.253672361373901 101.4860188961029
2.4896132946014404 4.383915185928345 101.6449761390686
3.4938483238220215 4.4185168743133545 101.69177460670471
3.3200278282165527 4.362754821777344 101.84597635269165
248.41014742851257 4.152088642120361 251.99659204483032
36.194600105285645 4.206496953964233 252.11198329925537
2.141964912414551 4.298362970352173 252.19172310829163
2.6571950912475586 4.225847482681274 252.19803476333618
2.6955864429473877 4.346638441085815 252.26349401474
2.7339088916778564 4.252744197845459 252.2656934261322
