0.000042200
0.025085211
0.015336514
0.016375542
0.016785383
0.014570951
0.013838053
0.020972967
0.014053822
0.016108751
0.015784025
0.014830828
0.020993948
0.015696049
0.013285160
0.019225836
0.014680624
0.012021065
0.012991190
0.013424158
0.012686729
0.014988422
0.012715578
0.011798143
0.010661364
0.017554998
0.013805628
0.011339903
0.011837244
0.018162012
0.012704372
0.011696100
0.012631893
0.011656523
0.010808229
0.014837265
0.014053583
0.013665676
0.013298035
0.014055490
0.021271706
0.015370369
0.011463642
0.020075560
0.014017105
0.013433218
0.015047789
0.014453173
0.013115644
0.025859833
0.015990019
0.013899088
0.020039082
0.024188280
0.015887022
0.014647961
0.011930227
0.011750221
0.012161016
0.016222239
0.011573076
0.011188745
0.012571573
0.013923645
0.033580303
0.019240379
0.012014151
0.012901545
0.012537956
0.011215210
0.010814905
0.019336462
0.014672518
0.013137579
0.011624098
0.015444517
0.024471760
0.015156507
0.012878656
0.011772394
0.019146919
0.014163017
0.023437738
0.014280081
0.012341976
0.015864611
0.011719942
0.011282444
0.012844086
0.013959646
0.014955759
0.015303850
0.012405157
0.012251377
0.010785580
0.028168678
0.017224550
0.017762661
0.015286922
0.020657063
0.017524242
0.031505108
0.018038750
0.015347719
0.017611265
0.027273178
0.018839121
0.017723322
0.012086153
0.010696888
0.015859365
0.020708799
0.016813993
0.015067816
0.033500433
0.016319513
0.020674229
0.018246174
0.012455702
0.017117023
0.013213396
0.026326895
0.016870499
0.021975756
0.015489578
0.013417244
0.012094736
0.016477585
0.017301559
0.020165682
0.015660286
0.017013550
0.016771317
0.026857853
0.015139341
0.012068748
0.011708260
0.014744282
0.011252642
0.011868715
0.022901058
0.015479088
0.011324406
0.011633873
0.016795635
0.016898155
0.017209291
0.015501022
0.011248827
0.015896320
0.014380217
0.014189482
0.012774467
0.020883083
0.013665438
0.020366430
0.015485048
0.010927916
0.015225410
0.015054941
0.011302233
0.010298014
0.017699242
0.015748262
0.014071465
0.011271715
0.026938915
0.027067661
0.024255753
0.013174534
0.011839151
0.013922930
0.014053583
0.019766331
0.022713900
0.017572880
0.011934757
0.013918400
0.019318819
0.017114401
0.013832808
0.014437199
0.032523394
0.020150423
0.014585257
0.018097401
0.020068645
0.013783455
0.016583443
0.017604351
0.018692255
0.017773867
0.019603491
0.014871836
0.012833357
0.011191607
0.017753124
0.016045570
0.011384487
0.014809847
0.011656284
0.012821913
0.017679453
0.018513680
0.012648106
0.010499239
0.019527674
0.019275665
0.013486862
0.010806322
0.013980150
0.014752626
0.020440578
0.031065464
0.018514156
0.012794495
0.013607025
0.011503458
0.010450602
0.015177727
0.013233900
0.011696100
0.018655062
0.019266605
0.019657135
0.015048742
0.012602806
0.012181759
0.014090061
0.016836882
0.020712376
0.013721704
0.011167526
0.016359806
0.018416405
0.016178370
0.027152538
0.015177488
0.012454748
0.024131775
0.023977041
0.018100500
0.042878628
0.014890671
0.017437935
0.016089678
0.013369083
0.014823675
0.011768579
0.011766434
0.041371346
0.015736103
0.011028767
0.017584324
0.014425993
0.010052443
0.024039984
0.018242121
0.029320955
0.040194511
0.014007092
0.010524750
0.017661572
0.013660431
0.017380953
0.014662027
0.012655258
0.011852741
0.010943890
0.011415243
0.013678312
0.015227318
0.014974594
0.014978886
0.017674208
0.015508175
0.013035059
0.015002251
0.015225172
0.013228893
0.014041662
0.016233444
0.020381927
0.017212391
0.012955666
0.011942148
0.019675970
0.015563726
0.015396118
0.011741877
0.011678219
0.012423277
0.015746832
0.012237787
0.019562483
0.016093731
0.022656202
0.014113903
0.012742281
0.010811329
0.014470577
0.026483536
0.025319338
0.018641472
0.018350363
0.021582842
0.018533945
0.023258924
0.017754316
0.014453888
0.013218403
0.016159773
0.014494419
0.022082806
0.038800716
0.031492949
0.017317772
0.013734818
0.017759323
0.012406111
0.011907101
0.043531179
0.023560762
0.020272017
0.012760401
0.016219139
0.020259857
0.014780521
0.032773972
0.015549898
0.011025429
0.025171995
0.021307707
0.022794485
0.016027212
0.013556004
0.019394398
0.015578032
0.019108534
0.014970779
0.011539936
0.015073061
0.020159483
0.023608208
0.021687508
0.014900208
0.023657799
0.017123461
0.011930466
0.014337301
0.018021822
0.016639233
0.013345242
0.014635324
0.025548458
0.019791603
0.012077570
0.013472319
0.013770819
0.012917280
0.010879993
0.014070272
0.012809753
0.012748003
0.012643099
0.023245096
0.013930798
0.010339260
0.016831398
0.022180319
0.014159203
0.011442184
0.018194199
0.018261433
0.021877050
0.013382673
0.011116505
0.011472225
0.010847569
0.011495113
0.014563322
0.014645815
0.011655807
0.010696650
0.020892143
0.015734196
0.015022039
0.014910460
0.031137705
0.017334223
0.013375044
0.014884233
0.012136698
0.011566162
0.014079571
0.012086868
0.017217398
0.016200542
0.019907475
0.017149210
0.012097836
0.010439157
0.010811090
0.011905193
0.011509657
0.010748386
0.014169931
0.011759281
0.010848045
0.010658741
0.023979425
0.015159369
0.022661924
0.017070055
0.011187792
0.011696339
0.010533333
0.013714552
0.012452602
0.026808023
0.017124891
0.017864227
0.017610073
0.021333218
0.021780968
0.020739079
0.023339510
0.017287731
0.013245106
0.024331093
0.016903400
0.013516903
0.013704538
0.011771679
0.020605564
0.019058466
0.028989315
0.016870260
0.014127254
0.011530638
0.017568588
0.012125492
0.011872292
0.015198231
0.015746355
0.021967173
0.014730453
0.011427879
0.020122528
0.017006636
0.011801958
0.011876822
0.023578405
0.014160872
0.013283253
0.013935566
0.013715982
0.030151367
0.015448332
0.013580322
0.013573408
0.012509823
0.016146183
0.013637781
0.011804342
0.020269156
0.017010450
0.012127161
0.019252062
0.015792131
0.011468172
0.011875153
0.021322250
0.015799046
0.011019230
0.012090445
0.024915218
0.032697439
0.021842003
0.032396793
0.018754959
0.031356812
0.015203714
0.015599489
0.015937090
0.011400700
0.010979414
0.027980328
0.014308214
0.015763521
0.014714003
0.024155140
0.016711235
0.018193960
0.015989065
0.011272430
0.016111135
0.019307613
0.011346340
0.013276577
0.012216806
0.018403530
0.017781496
0.013244629
0.019491673
0.016919374
0.016826391
0.012854099
0.011274815
0.016658068
0.013996601
0.012117147
0.019032240
0.014732838
0.012384653
0.011128902
0.014266014
0.015090466
0.012052774
0.013449192
0.015293360
0.014533281
0.014909744
0.014788866
0.019172192
0.018842220
0.028807878
0.013939142
0.015573263
0.011720181
0.019288778
0.016762733
0.013036728
0.017281532
0.016466856
0.012503386
0.020990372
0.014294624
0.010597229
0.018963337
0.013739824
0.013813257
0.016661882
0.014939785
0.011796951
0.015515089
0.016175747
0.011029720
0.020764589
0.016848564
0.022755861
0.013950586
0.012915373
0.015967607
0.012224674
0.017557859
0.016022921
0.012091637
0.012675524
0.016075850
0.015114546
0.027510166
0.023504019
0.014840364
0.016105890
0.011679411
0.011658907
0.013926268
0.023893118
0.015094042
0.012259245
0.044581175
0.018051863
0.015717030
0.017840624
0.017248154
0.012394428
0.013391018
0.018840313
0.013886929
0.017683506
0.011396170
0.021543503
0.022583723
0.015144110
0.010530949
0.012472391
0.014118671
0.013561964
0.027252197
0.023557663
0.044843674
0.014580011
0.019455910
0.015279055
0.013548374
0.022762537
0.022894144
0.017446995
0.018193722
0.016469717
0.012162209
0.018672943
0.017138481
0.017383814
0.013919592
0.010905981
0.014385939
0.010997772
0.011387587
0.012690067
0.016736031
0.016611576
0.016322851
0.017816782
0.031899691
0.013722897
0.013329029
0.010948896
0.011137247
0.011200190
0.019077063
0.014078379
0.014029980
0.018257856
0.028482437
0.014089346
0.012133837
0.012202501
0.015842915
0.013838530
0.014327765
0.014703035
0.012653112
0.013320684
0.012411118
0.013680220
0.012983799
0.010695934
0.012516499
0.010799885
0.010383844
0.012867928
0.013359547
0.012666464
0.012032509
0.013222694
0.014300823
0.010469198
0.015062332
0.013291359
0.013600826
0.026936054
0.018705845
0.012356758
0.015811920
0.012364149
0.014236212
0.012198687
0.010133266
0.011234999
0.010776758
0.012669086
0.011211395
0.020297527
