0.000003815
0.003908157
0.002128839
0.002250195
0.002539635
0.003428698
0.003762960
0.003805637
0.003452778
0.003326893
0.003529310
0.003396749
0.003274679
0.003205776
0.003114223
0.002686977
0.004178524
0.003416061
0.003081799
0.002733946
0.002595663
0.003235340
0.003698826
0.003459692
0.003133059
0.003119469
0.002672672
0.003077269
0.003180027
0.003055096
0.002948523
0.002933741
0.007181883
0.004319668
0.003253937
0.003501415
0.003617764
0.003260612
0.002956152
0.002498627
0.002961874
0.004072189
0.003425360
0.003401995
0.003095627
0.002649546
0.002693892
0.003378153
0.000013828
0.013312340
0.005170107
0.004516363
0.005836964
0.004098177
0.006713867
0.005952597
0.006398916
0.006698847
0.006619215
0.006893158
0.006926537
0.006920338
0.006515980
0.006689787
0.009282112
0.008301020
0.007268190
0.006702185
0.006288290
0.006974220
0.009636879
0.008820295
0.006824017
0.006580830
0.006748438
0.006807566
0.006528139
0.006287336
0.006350040
0.006391764
0.000008583
0.002954960
0.002629280
0.002424240
0.002518892
0.003557682
0.003072023
0.002959728
0.003047943
0.002781391
0.002277613
0.003283739
0.002919674
0.003019810
0.002996206
0.002858639
0.005927324
0.003462791
0.003177881
0.003286123
0.003166437
0.002928257
0.002507925
0.002573490
0.003090620
0.003807068
0.003169298
0.002923250
0.002772808
0.002400398
0.002611876
0.003419161
0.003865957
0.003567696
0.003376961
0.003016233
0.002782345
0.002397299
0.002622128
0.003472567
0.000004053
0.004328012
0.002135992
0.002675056
0.002872944
0.002246380
0.003027916
0.003976345
0.003279924
0.003195524
0.002783775
0.002641916
0.002631903
0.003094912
0.003298759
0.003135920
0.004211426
0.003877640
0.003335476
0.003437042
0.003396749
0.003285885
0.002822161
0.002384901
0.002805471
0.003871441
0.003266096
0.003279448
0.003131390
0.002779245
0.002593517
0.002965927
0.003156662
0.003935575
0.003408670
0.003360510
0.002991676
0.002691031
0.002669334
0.003061295
0.003317833
0.003084898
0.002677202
0.002702713
0.002696276
0.002937794
0.003104448
0.002925158
0.009717464
0.004332781
0.003038406
0.003196955
0.003225327
0.003172398
0.002842903
0.002731323
0.002788544
0.003052235
0.002936602
0.003170967
0.004056931
0.003664255
0.003417969
0.003318310
0.003421545
0.003924131
0.003553629
0.003295898
0.002919912
0.002604961
0.002747774
0.003068447
0.003220320
0.003094673
0.003062248
0.002896547
0.002388000
0.002601147
0.003649950
0.003381014
0.003131151
0.003977299
0.003497601
0.003234863
0.000003338
0.002731085
0.002182484
0.002083063
0.002204657
0.002347469
0.003251791
0.003583193
0.003163099
0.003189325
0.003093004
0.002888203
0.002581835
0.002671719
0.003190279
0.003444672
0.004865885
0.003457069
0.003576517
0.003502131
0.003238916
0.003465414
0.003186226
0.002816200
0.002382994
0.003183842
0.003227949
0.003442764
0.003177881
0.003059864
0.002768517
0.002553463
0.005036354
0.003746271
0.003211021
0.003615379
0.002861738
0.002605677
0.002830029
0.003253937
0.003296375
0.003211498
0.002940893
0.002707720
0.002575397
0.003243208
0.003226995
0.003116846
0.000002861
0.004168749
0.002156258
0.001918077
0.003476858
0.003681898
0.003228664
0.002864838
0.009157419
0.003114223
0.002711296
0.002646446
0.006229877
0.002830744
0.002633810
0.003128529
0.009551048
0.002841711
0.002901554
0.003281355
0.006847382
0.003550053
0.003184080
0.002648592
0.005372524
0.002533674
0.002656221
0.003100395
0.006688595
0.003318548
0.003002167
0.002379894
0.004791975
0.003582716
0.003070593
0.002618790
0.006331444
0.003605366
0.003211737
0.002919912
0.002939224
0.003889322
0.003495932
0.003158569
0.006795883
0.003224850
0.002823830
0.002953291
0.004473209
0.002351284
0.002447367
0.002419233
0.009490490
0.003441095
0.003011703
0.002334595
0.002941370
0.003828764
0.003125429
0.003165245
0.006259203
0.003136396
0.003411531
0.003593683
0.006522179
0.003143072
0.002564430
0.002660036
0.005010128
0.002480268
0.003042221
0.003128767
0.004347563
0.002426386
0.002389193
0.002627611
0.006719828
0.003354549
0.002673149
0.002650976
0.004302263
0.002423286
0.002368450
0.002559423
0.005344152
0.002632141
0.002896547
0.002325773
0.004657984
0.004112244
0.003035069
0.002534628
0.003466606
0.002604723
0.002823353
0.003490686
0.006806135
0.002965450
0.002665043
0.003096104
0.003017187
0.003841162
0.003144741
0.003476143
0.008634090
0.003438473
0.002925396
0.002404213
0.005361795
0.002356768
0.002810955
0.002965450
0.005100965
0.003262758
0.002850056
0.002542973
0.005048990
0.003278017
0.003190756
0.003749609
0.009920597
0.003462315
0.002978325
0.002408266
0.003014803
0.003816128
0.003482580
0.003664732
0.002951622
0.002135515
0.002667427
0.002305746
