7193
10499
7936
6495
5821
9591
6242
5048
521
9047
7362
9310
6266
5234
453
11093
5099
449
6398
8763
8632
10604
6663
7273
510
11213
8227
511
10116
5144
4307
5157
8253
10684
10375
6789
9555
9048
10003
8154
10542
7274
8261
3575
9467
5870
536
6199
444
7624
3828
8442
10848
475
8607
9134
11431
10931
7182
7871
9900
470
9257
472
10289
9800
6427
8847
8187
4364
9235
8373
10326
482
9146
9274
7980
11302
6927
6211
464
3818
11414
8264
6929
679
4530
9123
4214
6121
10284
3189
5553
478
8506
8337
3992
5535
10222
7320
8099
10957
6826
6263
8687
484
438
4100
4874
9372
7970
4742
5439
8121
7603
4663
9383
480
9906
7284
6341
7613
9558
7033
5565
7597
3742
8548
5999
5130
3092
5943
10555
482
6411
12019
505
6138
10506
8614
3499
9892
10234
5841
466
6947
7729
9794
5236
6628
10247
7133
6452
3718
9973
10947
11086
3908
8160
9660
5005
11240
7407
4711
9366
9708
7993
5385
7909
10599
9687
6865
8696
9336
6377
4971
8838
6264
4838
4483
4389
4961
9695
9799
6755
4200
10668
8599
6243
7336
5589
11283
5769
4570
9542
8307
11418
10690
3538
7134
6830
7532
9911
11896
8471
7970
7670
6166
8818
9211
4700
10039
6515
6925
4040
10162
6189
9449
8152
7304
6338
7390
6526
5275
6726
3263
8882
7725
10806
8384
10641
6478
3394
8481
7720
9648
9106
6271
10612
3697
4613
7283
6669
6167
9746
10236
3815
8931
11486
9511
11787
3978
6943
3409
2903
11421
10363
10504
4985
7346
4966
3336
5647
3469
5006
6747
3749
5374
5892
6751
11417
7398
5891
7728
3832
7959
3907
8286
12252
10496
4521
8851
8012
3828
5821
10794
5135
9449
9313
6749
6100
6454
10428
5048
5052
6840
9673
11442
3504
10967
11059
10556
11254
8060
10072
5236
8786
11579
11299
5711
8375
4173
11395
8599
10078
6054
5485
7345
4908
4323
4950
11394
6688
7856
7498
6072
7207
7560
3504
7398
7733
11109
8410
10339
9185
3090
8344
9940
10253
10872
9580
4905
5166
6689
11420
10697
7891
10583
10082
7248
4554
3486
9833
7543
50056
4059
17772
7584
6146
10285
4052
4815
10281
4814
8308
10819
9592
6643
7664
8451
6475
3749
6046
4924
9166
9741
6299
2839
11794
3226
10365
8200
8560
8050
4882
10239
4661
6151
10499
5674
8078
12943
5277
10382
6428
10399
4116
8118
8311
7019
11170
7258
12286
5203
7900
5147
10281
4582
8377
10402
8569
7485
10514
7408
2780
9295
3725
6614
10776
10025
5636
5872
4659
7183
3878
7557
8559
7882
6385
8910
3905
11371
4586
7937
10421
3838
6227
6875
3234
11366
11178
6450
8274
7921
6006
4545
3768
6500
11634
4324
5586
3354
4720
7207
11079
6670
11878
6838
8576
10232
6217
9156
7834
3026
5323
8332
12097
5458
3619
11707
9752
7759
5830
6700
6247
5920
10453
6591
6870
7020
6044
5313
10418
11746
6149
8077
10950
11728
7177
9563
6067
11051
10951
7986
5691
10780
5167
9139
6328
8888
4769
10793
4080
7083
7401
8194
6002
5576
8396
7324
8346
8264
5559
9163
6182
7472
9889
7701
7447
9294
10881
9845
6296
7298
4923
6669
9308
8919
5299
10227
7944
6439
6826
4716
8304
4921
10809
9356
7203
8408
8615
8262
6286
9854
4379
5669
10655
11340
12585
6893
7420
7318
7190
5193
8279
7034
6632
10058
10173
10474
10323
4499
10074
7749
8989
5907
6630
4785
6980
5961
11900
7291
9879
4131
9443
5205
10550
6866
9794
11200
4924
9981
3357
4784
6986
7039
13087
5207
6071
3681
7773
8230
5269
9895
7840
9807
8337
4302
6646
5198
10180
5273
5709
4975
9633
9854
8226
4701
5332
7744
4702
10060
5071
5417
4490
4189
9506
9453
10217
9485
6368
9693
5011
5181
4983
5448
8214
10674
7270
10397
4948
9992
10496
6913
9332
6365
4592
9858
6158
5159
9098
10140
10152
6249
5073
4047
9500
8624
11388
10073
6382
4277
4118
5139
6015
7573
4299
5699
7399
11483
7257
10757
4815
8084
10826
6931
6558
5012
9120
10455
11706
5690
8963
4278
7827
10600
10091
6635
11413
4419
11350
10728
8228
7982
7943
8148
5252
4528
3930
9428
9729
5351
9517
5844
5484
5340
4154
6157
10081
4917
2896
10856
3794
6503
7335
8093
7130
3773
8271
4217
4874
5316
7935
4815
10517
3153
2741
8429
10735
8090
3541
10003
5231
9746
10534
9006
10632
10229
8210
10307
9638
4877
10600
9703
7300
10281
8495
7159
9941
7162
10865
10713
5059
11717
5760
8662
5221
6467
5093
8968
7080
12063
7869
10430
9244
6144
10979
6326
10407
9633
8934
11670
7200
8791
10539
5274
5402
11942
10798
7270
7744
5670
5625
5371
11095
8539
4702
7506
4326
11334
8234
4184
5678
11384
9956
7485
5127
3350
4917
9136
8624
4900
2927
9616
9548
4582
11103
4255
11064
7856
9269
5171
7561
7924
9670
4247
7079
8683
4501
10112
5862
6073
4612
8026
10039
7846
6059
7073
8040
3327
10404
9732
7690
8260
9267
8463
11329
4487
6948
10217
6341
7688
5454
8127
4129
5952
6578
9478
3236
9825
10280
7269
7047
10402
6099
5870
8277
10377
9655
5668
11006
7425
10809
7110
9968
10899
9633
3649
6117
9568
4874
5469
9141
4773
9993
9023
8786
9735
8931
11415
7614
3255
4422
6694
11677
8839
8034
5017
5585
4492
9937
7753
7957
9304
9026
9459
6831
7015
7925
4412
4993
6024
4536
4155
9345
7737
11326
7119
5239
4701
9393
3089
8767
11221
5695
7333
10850
5106
11926
3410
9615
7587
6791
10180
4962
8863
10155
12130
11412
10222
9776
5183
8628
3214
12453
8637
11199
9323
5657
10561
5484
9699
9396
5906
10406
6059
10802
4996
4003
8343
6379
6657
9310
6844
8980
12059
7289
5418
5895
6046
4331
7732
6886
4477
12279
10517
11154
11580
5258
5717
10876
3830
10399
5296
11792
8534
11436
3141
7717
8073
3614
10702
6177
3406
3357
4582
5589
4242
5729
6878
6337
5531
5660
3572
5498
4413
3023
6820
3175
11199
7260
5333
10799
6489
7031
3891
4914
8800
11977
8240