0.048322201
0.020589352
0.020710707
0.020664454
0.020740032
0.020495415
0.020474911
0.020787477
0.022315979
0.022245646
0.023321629
0.022900581
0.022978544
0.022942543
0.023051262
0.023016453
0.022945881
0.023035765
0.022972822
0.023380756
0.023392439
0.023351908
0.023309708
0.023370743
0.023334742
0.024963140
0.023349285
0.023285866
0.023244143
0.023177385
0.023453951
0.023240328
0.023192644
0.023290634
0.023171425
0.025871038
0.023309946
0.023226976
0.023218632
0.023225784
0.023364305
0.023277998
0.023268223
0.023036957
0.025237560
0.023188353
0.023120165
0.023269176
0.023080111
0.023157120
0.023017406
0.023252487
0.023120165
0.023214102
0.023142576
0.023039103
0.023091555
0.023074865
0.022993565
0.023017645
0.023064613
0.023081541
0.023149967
0.023113489
0.023189306
0.023233652
0.023243666
0.023119450
0.023206949
0.023023129
0.023146391
0.023101807
0.023142099
0.023079395
0.023206949
0.023124456
0.023375034
0.023261786
0.023338556
0.023175716
0.023130655
0.023454428
0.023261070
0.023120403
0.023120403
0.023011923
0.023040295
0.023064137
0.023073196
0.023041725
0.023068190
0.023200989
0.023159981
0.023171186
0.023208618
0.023066521
0.023072481
0.023288965
0.023155212
0.023184299
0.023124456
0.023242474
0.025147676
0.023054838
0.026225567
0.023318291
0.023083925
0.023112774
0.023078203
0.023170233
0.023101330
0.023299217
0.023213148
0.023181200
0.025734186
0.023074627
0.025040150
0.023146868
0.023175716
0.023110390
0.023104191
0.023191690
0.023082495
0.023629904
0.023164749
0.023302078
0.023091555
0.023083210
0.023796797
0.023318768
0.023155689
0.023271561
0.023035765
0.023088455
0.023088694
0.023077726
0.023204327
0.023191690
0.023194551
0.023051500
0.023231745
0.023264170
0.023133039
0.023072720
0.023119926
0.023060083
0.024949312
0.023037434
0.023071527
0.023263216
0.023175240
0.023135424
0.023141146
0.023086548
0.023246288
0.023104429
0.023150444
0.023085117
0.023119450
0.023295164
0.023150682
0.023414373
0.023048878
0.023158073
0.023166180
0.023102999
0.023106337
0.023060799
0.023175240
0.023147106
0.023087263
0.023219347
0.023089409
0.023132324
0.023192883
0.023166895
0.023047447
0.023075581
0.023139000
0.023094177
0.023060322
0.023125172
0.023118258
0.023169518
0.023180962
0.023168802
0.022969484
0.023027182
0.023189068
0.023065090
0.023113012
0.023234844
0.023071051
0.023035288
0.023022652
0.023037434
0.023094177
0.023002625
0.023102045
0.023039341
0.023178101
0.022994995
0.023056030
0.023137093
0.023110628
0.023137808
0.023212671
0.023139238
0.023058414
0.022925854
0.023042440
0.023028135
0.023033857
0.023100615
0.022961855
0.023123503
0.022976637
0.023044348
0.023078442
0.023077965
0.026485682
0.023250580
0.023134947
0.023002625
0.023072720
0.023149729
0.023030996
0.023089409
0.023076296
0.023166656
0.023097754
0.023085356
0.022989511
0.023059607
0.023122549
0.023199081
0.023478031
0.023196459
0.023031950
0.023162842
0.023213863
0.023003340
0.023069859
0.023020267
0.023134708
0.023164034
0.023080587
0.023109198
0.026829720
0.023097038
0.030848265
0.023210287
0.023128510
0.022995234
0.023114920
0.023015022
0.023131132
0.023061514
0.023000240
0.023054361
0.023104429
0.023123980
0.023071051
0.023097277
0.023005962
0.023020744
0.023115396
0.023222923
0.023011923
0.023123264
0.023036480
0.023162842
0.023118019
0.023061514
0.022984028
0.023042917
0.023101091
0.023102522
0.023094416
0.022976398
0.023119211
0.023173809
0.023059368
0.023066044
0.023007870
0.022984743
0.022963285
0.022990704
0.023084164
0.023032904
0.023171663
0.022987366
0.022992373
0.023030519
0.023037434
0.023066521
0.022983551
0.023095846
0.023110628
0.022951365
0.023124933
0.023074389
0.023020744
0.023019075
0.023020029
0.023043871
0.022935152
0.023047686
0.023003101
0.022989750
0.023005724
0.022961140
0.023130417
0.022999048
0.023086309
0.022971630
0.023013115
0.022974253
0.022978306
0.022937536
0.023053169
0.022988319
0.023044586
0.023000002
0.022984743
0.023084164
0.023134947
0.023168325
0.023021221
0.023128748
0.023055792
0.022946119
0.023051262
0.023017406
0.022987366
0.022983789
0.022979259
0.022986650
0.023063898
0.022982359
0.023134947
