0.005548716
0.002662659
0.002515078
0.002540588
0.002639055
0.001453400
0.001388073
0.001367807
0.001647949
0.001686811
0.001774311
0.001762390
0.001745224
0.001760006
0.001731157
0.001935244
0.010043383
0.016529560
0.015362501
0.017073393
0.001870155
0.014456511
0.001593828
0.001547575
0.012500763
0.016617298
0.012323141
0.013065100
0.012503147
0.004534960
0.006743670
0.004736185
0.004599094
0.004415751
0.004642725
0.004692316
0.003074884
0.003433704
0.004575014
0.004751205
0.009786606
0.006742477
0.009751081
0.004699707
0.004360914
0.004636765
0.003840446
0.001576900
0.001461267
0.001502514
0.001675129
0.001379728
0.001605749
0.001480103
0.004516363
0.010378361
0.004687548
0.004590273
0.004519939
0.001438618
0.001535177
0.001512766
0.001528263
0.001299381
0.001412868
0.001438618
0.001438618
0.001608133
0.001481295
0.004300356
0.004540920
0.006186485
0.008520126
0.004453182
0.001403809
0.001435280
0.001270294
0.001393557
0.001442432
0.001339674
0.001240253
0.001253843
0.001374722
0.001209974
0.004512072
0.004714727
0.003334761
0.004001379
0.003875971
0.001373053
0.001464605
0.001080513
0.001399755
0.001436234
0.001256466
0.001080513
0.001265526
0.001266718
0.001095772
0.001407862
0.001244545
0.001400232
0.001273155
0.001338959
0.001075745
0.001378059
0.001296759
0.001268148
0.001101494
0.001080036
0.002667427
0.002657175
0.002557278
0.002585173
0.003407955
0.001070976
0.001324415
0.001071215
0.001139164
0.001077652
0.001074553
0.001064539
0.001088142
0.001255274
0.001086950
0.001096249
0.001079321
0.002544165
0.002590895
0.003021240
0.002649307
0.002872705
0.001337290
0.001062870
0.001098156
0.001102686
0.001077414
0.001080513
0.001085281
0.001117468
0.001100540
0.001075268
0.002587080
0.002650499
0.002571583
0.002619982
0.002705812
0.001088142
0.001072884
0.001122236
0.001079559
0.001075268
0.001067877
0.001126051
0.001064777
0.001086712
0.001106977
0.001091003
0.001102686
0.001069307
0.001144171
0.002712011
0.002526999
0.002609730
0.002557755
0.002529383
0.001845837
0.001069307
0.001080513
0.001079559
0.001100302
0.001107931
0.001106977
0.001147509
0.001073837
0.001093149
0.001081705
0.001079082
0.001071930
0.001074076
0.003767967
0.001077890
0.001107931
0.001102448
0.001077414
0.001069784
0.001075268
0.001083136
0.001067400
0.001095533
0.001074791
0.001147509
0.001068354
0.001079559
0.001075745
0.001074314
0.001068115
0.001070261
0.001098394
0.001088858
0.001139641
0.001083136
0.001080275
0.001111984
0.001078129
0.001091719
0.001083136
0.001138449
0.001087427
0.001148224
0.001097202
0.001110554
0.001119137
0.001069307
0.001066446
0.001072884
0.001074791
0.001065731
0.001081705
0.001111031
0.003877640
0.001066208
0.001056433
0.001100779
0.001069307
0.001087904
0.001070261
0.001071215
0.001073122
0.001085281
0.001101971
0.001070976
0.001087427
0.001084805
0.001094103
0.001066208
0.001125813
0.001072168
0.001080513
0.001071930
0.001105070
0.001075745
0.001085043
0.001102686
0.001069784
0.001145124
0.001113176
0.001071453
0.001103878
0.002830744
0.002515554
0.002660275
0.002679586
0.003120422
0.001076698
0.001104832
0.001097202
0.001062393
0.001086950
0.001107216
0.001083374
0.001129866
0.001154184
0.001110554
0.001076221
0.001071453
0.001068354
0.001089811
0.001105785
0.001130581
0.001081228
0.001070261
0.001085520
0.001197100
0.001077414
0.001108408
0.001160383
0.001088858
0.001065254
0.001083612
0.001078367
0.001065969
0.001133919
0.001087904
0.001077175
0.001077175
0.001087427
0.001084089
0.001078606
0.001070499
0.001079321
0.001137972
0.001081228
0.001071930
0.001078606
0.001119137
0.001075029
0.001079798
0.001141310
0.001073837
0.001083136
0.001080513
0.001085281
0.001099586
0.001081705
0.001068115
0.001118660
0.001080036
0.001072884
0.001073599
0.001079082
0.001073599
0.001065731
0.001090288
0.001072645
0.001096487
0.001127005
0.001097679
0.001074553
0.001067877
0.001095057
0.001063824
0.001070738
0.001079321
0.001074553
0.001067638
0.001075506
0.001079559
0.001112938
0.001077890
0.001074791
0.001065493
0.001085758
0.001063585
0.001070976
0.001097441
0.001084566
0.001077414
0.001079798
0.001096249
0.001089573
