0.001331806
0.000026703
0.000024080
0.000027895
0.000025988
0.000025988
0.000021696
0.000019312
0.000036240
0.000019550
0.000021696
0.000025034
0.000017166
0.000018597
0.000029325
0.000039816
0.000025988
0.000020266
0.000025034
0.000020742
0.000021696
0.000020981
0.000026226
0.000041485
0.000030041
0.000019789
0.000029325
0.000031710
0.000031471
0.000021458
0.000044107
0.000024319
0.000030994
0.000025272
0.000028849
0.000033140
0.000036240
0.000024557
0.000023842
0.000024080
0.000035524
0.000025511
0.000024557
0.000022173
0.000020504
0.000024796
0.000021219
0.000036716
0.000041962
0.000025988
0.000022411
0.000034332
0.000026941
0.000025749
0.000020027
0.000021219
0.000020742
0.000025034
0.000019312
0.000021935
0.000030994
0.000025272
0.000024557
0.000025034
0.000018835
0.000035286
0.000028372
0.000030994
0.000020504
0.000020504
0.000025988
0.000024796
0.000020266
0.000020027
0.000019312
0.000027180
0.000019073
0.000024796
0.000024557
0.000019789
0.000022888
0.000050068
0.000023842
0.000021219
0.000035048
0.000020981
0.000022650
0.000019312
0.000022650
0.000018120
0.000026703
0.000022411
0.000025511
0.000019312
0.000026703
0.000022650
0.000036240
0.000017643
0.000038147
0.000018597
0.000028133
0.000031710
0.000027895
0.000031948
0.000023365
0.000037909
0.000024319
0.000025034
0.000020266
0.000025511
0.000025272
0.000019550
0.000022411
0.000027657
0.000018597
0.000024080
0.000026703
0.000020266
0.000028610
0.000019789
0.000021219
0.000021696
0.000027418
0.000027418
0.000021696
0.000027657
0.000027895
0.000022888
0.000019073
0.000028849
0.000023842
0.000026226
0.000024319
0.000020027
0.000025749
0.000025988
0.000017881
0.000022650
0.000034332
0.000033140
0.000028133
0.000024319
0.000027180
0.000019073
0.000021458
0.000020266
0.000023842
0.000024796
0.000025511
0.000035048
0.000023127
0.000026464
0.000020742
0.000028372
0.000024796
0.000022173
0.000042439
0.000026703
0.000026941
0.000028133
0.000036955
0.000041485
0.000019550
0.000021219
0.000022411
0.000020981
0.000019312
0.000026226
0.000025034
0.000024796
0.000025749
0.000034094
0.000032425
0.000020266
0.000020027
0.000026703
0.000025511
0.000020027
0.000026464
0.000019789
0.000022411
0.000020742
0.000027895
0.000025272
0.000019789
0.000019073
0.000022888
0.000026703
0.000021935
0.000025272
0.000025988
0.000035286
0.000020027
0.000021219
0.000020027
0.000018120
0.000019312
0.000019073
0.000027657
0.000031233
0.000036478
0.000024319
0.000022650
0.000032663
0.000025272
0.000032187
0.000029802
0.000033617
0.000025511
0.000026226
0.000020504
0.000024557
0.000022888
0.000022888
0.000024557
0.000025749
0.000020266
0.000022650
0.000023603
0.000031710
0.000047207
0.000019550
0.000024319
0.000024796
0.000025272
0.000024080
0.000029325
0.000030041
0.000020742
0.000019789
0.000026464
0.000026703
0.000027180
0.000020504
0.000031233
0.000023365
0.000025511
0.000019312
0.000019073
0.000026226
0.000024557
0.000024557
0.000024080
0.000024080
0.000025749
0.000041723
0.000025272
0.000018597
0.000020027
0.000031948
0.000024557
0.000021935
0.000025034
0.000036001
0.000024319
0.000029802
0.000027657
0.000019789
0.000020504
0.000034809
0.000021219
0.000035524
0.000036716
0.000033379
0.000023127
0.000024557
0.000025034
0.000019312
0.000031948
0.000035763
0.000029564
0.000021696
0.000023603
0.000025034
0.000021696
0.000019789
0.000035524
0.000022411
0.000020504
0.000022888
0.000024319
0.000018835
0.000035286
0.000027657
0.000025034
0.000026464
0.000031710
0.000028133
0.000025034
0.000023127
0.000023603
0.000025272
0.000022650
0.000021458
0.000028610
0.000033855
0.000020266
0.000030041
0.000035048
0.000021935
0.000018597
0.000029325
0.000019312
0.000026941
0.000023603
0.000045061
0.000032425
0.000029325
0.000025272
0.000020027
0.000020266
0.000022650
0.000022411
0.000020981
0.000021458
0.000019789
0.000033855
0.000022173
0.000023127
0.000018835
0.000031710
0.000020981
0.000020981
0.000024080
0.000022650
0.000020981
0.000027180
0.000022650
0.000031233
0.000032425
0.000018597
0.000022411
0.000020266
0.000022173
0.000024319
0.000024080
0.000021219
0.000021219
0.000020981
0.000023127
0.000020981
