989238
634043
1253668
261193
426399
1164722
385409
448116
732215
1084225
202130
326229
982170
330129
217337
385328
711188
478084
1166559
120731
163523
446577
1121345
142011
299636
737135
708142
211970
94905
711641
1246049
720686
362605
545680
1257994
601759
296365
107297
287765
841231
265384
1175259
627379
1077711
177282
1182374
1039141
872464
627520
883997
713096
410208
317617
1021237
1118212
181026
670557
65064
385197
623570
614066
501488
974361
1269951
257239
1199364
523213
473918
1275300
1097530
207700
1267532
830218
382351
514233
1080654
1194679
1224503
615828
279939
780132
535492
987405
957633
190309
191762
1059288
752852
1147683
969430
186125
1225985
1212590
351294
602006
1177050
395597
930966
444286
893319
1183690
53820
468873
177486
635494
803174
317069
228572
61868
222119
796133
539224
576903
987714
857810
775444
151197
1232927
1062507
589545
558834
461571
1173211
423134
699390
665544
950844
930136
542590
125955
1020850
374183
401182
1177809
1128828
412563
968289
1106246
665209
746119
959154
325796
984146
975725
466366
866999
1175256
1097297
4752
923324
870409
655567
908993
355127
707000
992763
683201
252355
1255861
774739
115840
182958
792796
512820
230839
559739
603852
1073302
279248
622592
238229
1020140
1029192
1068148
676347
135778
524720
351542
982119
1011408
783394
45858
418439
957501
1066994
819681
543991
1184704
44214
295966
933408
654123
81116
1109361
1008963
729522
1042609
483296
771927
1202896
1069329
508889
1124028
700927
530905
184495
354216
326282
647481
762889
597118
300236
1241705
937282
635894
1009657
1196863
24342
910367
224270
71502
649486
297429
762241
953752
1058961
1269822
122292
11707
386079
155269
971176
1133373
339212
39996
1174327
934253
213771
1103623
511274
196987
1080578
277459
770277
758643
1261598
1242722
505136
903920
475238
977176
686245
542850
164957
201679
1184325
302060
163312
906617
134288
364099
1197313
477047
30298
1013312
65588
1249132
1107890
837915
818259
981452
1179928
700276
1170282
35897
319645
533287
1185577
370766
463961
786339
956766
481038
1166271
1182240
109883
1025297
1277941
1280145
121621
934668
826235
1105347
393141
565641
1249367
289213
1225281
249607
387205
330042
333140
900646
1049777
1027535
574428
127646
1220060
54911
1226215
1162509
800522
428862
14173
598451
31825
1009471
187708
910660
731889
323568
8877
548857
422498
128249
735368
1193402
1028192
306525
296452
685991
720737
378264
495079
285521
1115229
630541
970752
822996
1237901
234204
11036
963741
226239
798498
880216
723663
559535
186187
473499
653054
10174
808348
462116
426289
227439
820717
952412
274754
824092
114373
1075003
860759
199820
37380
800921
323260
1045718
760745
564080
13027
308990
579444
253954
992258
911981
329417
505087
798036
118707
475943
156047
174632
362677
63689
176088
161434
41507
868458
838691
380029
86916
349949
766715
454837
98876
65061
197169
719639
1096075
361223
104714
225037
552516
1210884
913929
332827
778631
1040025
1197578
20031
109213
899149
59226
1189954
77676
779084
345344
376877
432488
675761
370687
353791
208917
345416
944979
147002
723305
624302
492380
166964
782735
300328
397843
689265
1070675
957439
1150726
781157
1225667
1048846
387399
249903
786868
896526
432451
1217646
291669
1106727
658066
490477
290448
320367
340616
970724
889750
345830
576581
1099600
1133310
932002
1057477
976079
411290
701789
565020
1030505
1063916
1055324
10850
990231
415567
726105
483039
213457
1054441
844668
423394
236911
315399
1161471
590032
1107805
119659
702073
1030687
790914
567461
268697
250626
771091
866565
125484
354123
935666
757278
831507
1064479
928440
64230
1075447
932284
376932
984564
682547
613131
637470
3883
74762
1222761
1073602
1191925
816992
845232
265621
143803
162090
606864
328069
43488
1092645
161431
278507
174341
122861
1281003
428660
685437
475861
1207523
759263
162016
178033
34547
991679
1033767
449609
241637
579449
397394
1143380
1150052
853959
717439
996740
1177258
109816
337971
760938
500467
1248520
1111529
347759
94078
650081
1214247
1074784
1269191
267085
700631
418270
575590
1012675
735933
1165752
726369
107155
637447
852241
1217637
1274337
371834
277508
1047549
1084252
1010486
101068
429756
504018
1167749
456671
1227766
58701
1269078
980011
59012
37476
237159
289799
333298
1228039
377229
951823
1141036
901026
1191865
273416
644079
286663
888742
35898
787620
679556
1017104
608488
377122
257493
1219465
17392
507689
250548
1198924
465703
666647
996526
874689
253791
337529
88237
123684
203711
764309
1113449
459178
1226529
162769
1148006
769582
951997
1145863
295621
1265100
920870
1246679
325661
226386
206835
1034010
402719
721080
918506
1242024
1279784
199045
539388
1053168
628088
357693
864897
17333
1270882
539691
488045
502782
506253
262398
390385
1106674
1048476
446803
1219291
806944
229115
1206876
570850
120717
497398
1052423
389261
70584
414361
448307
757085
986524
843168
729312
189012
862854
434355
483018
209404
190108
894013
1108528
875287
1164806
342362
1126247
1015242
231181
247719
670056
918797
408005
274256
255842
45692
1237941
1192910
290776
142747
82019
1227306
710309
44024
90294
114569
527326
428304
106103
728874
40123
1248346
91147
1195170
658592
94576
338333
887992
577235
987795
170499
744380
845922
53525
1200721
1091436
796961
778181
575351
1104986
890346
730750
592797
108609
210125
1211891
694842
1018144
684523
1021281
88323
1246204
382470
1021379
405157
216773
93044
1104952
1128826
352614
48162
156182
164794
1124173
26827
1151972
937223
1179098
775156
994534
591207
674403
667095
967780
272379
653763
106712
815717
178292
235930
232841
156877
591080
780566
451426
1103999
318566
1256439
664656
600252
283685
48903
795567
1084986
665233
905480
725133
847320
275042
699325
801794
825652
491130
858495
425030
723350
702633
24742
831301
451871
1007052
1046899
229254
826207
990495
357780
765504
493632
1074288
1143158
1012398
1061857
827943
193869
327245
876117
1086724
1165040
1005622
769280
765612
777931
1089029
827200
1207849
62287
928570
939627
417081
1156571
662658
644809
1003256
1022853
282197
200200
338046
141883
79534
227527
1117448
1062946
291362
961572
614701
635509
1166265
234480
970663
443345
676303
1208196
235232
537830
842983
653628
916719
860598
1241771
458968
417075
522450
323576
27182
1235032
48316
1225277
960303
924338
77578
455663
899852
1004196
507301
86538
970248
288354
1262981
515621
479803
812130
900666
710621
170778
687095
571533
1123200
887312
310383
943666
1279416
636491
206948
467463
324446
1135515
1210359
326179
1018309
304044
640874
316267
1169239
475920
902341
1240903
977175
121979
683832
1178926
244526
104876
517464
419441
896719
682810
421677
634418
368069
111577
476234
709392
890443
720996
415955
169535
39961
478199
1108086
23365
659264
206224
26026
873285
285872
164813
374504
7515
519403
677663
912898
12277
614091
1267498
795528
731788
65168
110756
169490
171705
214392
155436
281604
571004
1075216
341581
1162182
1240574
864217
486148
675911
531814
746126
859966
1267545
967732
207509
1032216
601479
182515
907525
41120
1279053
636675
1223342
662620
612043
777695
314
230771
137136
659639
725480
1216219
1029010
520935
49709
98559
469030
882715
1084439
773846
451450
1202747
1159163
584837
776619
705067
183539
97840
498483
1024013
1207329
687304
789577
1277014
779742
765391
1172780
721865
41428
1169248
150406
308007
979045
1174733
381012
383596
481482
984483
231040
1122092
935880
570266
1141830
597133
842026
704651
177088
240210
907685
1060438
769966
800954
455408
94326
99665
621987
1257944
1184466
561474
837839
1160770
436923
976158
856857
722075
401419
296222
29014
1273404
127031
1117807
204856
632627
496599
588651
494953
541686
1089895
1063731
45633
284174
329157
944105
305473
1178892
508309
1191496
530519
1068068
728540
937908
676040
1191650
183237
85131
1083098
76239
292321
1276327
432188
704046
219210
329034
642612
659603
844473
123152
442050
965024
1263903
931518
979237
945908
1028917
766825
524134
722210
1145571
577776
399714
691140
168047
1090977
577344
1242061
615174
295314
133568
1204212
752274
1108347
876265
827584
962932
954214
11295
342074
736201
695252
396830
1128615
226413
647955
1086982
592712
996961
965587
1107091
805576
1265659
92622
1244525
818348
901366
974271
170738
489169
429735
361840
548268
897722
79287
839884
184543
182377
697460
1198217
1144145
405916
884881
1012396
243617
591685
407406
863879
1090636
836774
300354
313869
852566
990277
772443
1112323
122681
1022373
424492
802342
721874
151627
1213795
547408
1104020
448767
178540
768564
987912
808093
463119
119220
1136183
881485
254050
639132
56730
697602
510521
624822
119277
1063484
813213
1112781
150250
425322
810768
934710
943710
944796
1182498
227176
841707
1057720
1232480
332618
491992
264212
948884
700233
325569
340562
1252249
517205
156417
388496
59512
909003
453195
405625
832834
839868
1221505
612528
813777
953632
608586
352157
381725
556777
1196972
679835
930534
875830
873325
938743
687379
628817
285845
195492
95514
249146
323678
394773
1133482
804329
1187619
1040326
795614
319722
318248
387080
144059
835428
141322
678223
582272
722030
44367
40048
687405
1012940
56785
1042233
196180
1076826
1243490
1234666
466407
398696
927322
116756
250440
468666
683212
1191704
608192
713662
1146248
1013972
69216
847535
252131
691650
1207582
559362
281384
1174862
916386
1269699
129571
652305
511723
961412
642648
1199414
752538
255900
1130375
308818
439210
681026
365116
25397
907412
480367
494788
474580
285265
916309
634000
256251
678835
884334
1141724
587663
710943
655839
828652
743695
836310
264989
302903
46294
912935
685738
545533
689876
190526
1177722
640708
137444
707966
1009330
191733
864652
942947
1137305
741869
466615
84193
1026946
722770
737584
672450
830505
973782
71715
959230
140343
461746
541012
322956
728770
684976
221177
803307
1251420
133036
511099
180579
1149736
1146910
527904
528049
321297
488788
1040619
114534
736728
87321
75475
559465
1186823
908979
1052714
632165
390797
232885
516038
801623
222593
881561
99503
469635
575550
3482
981469
133388
561760
396778
615446
845753
668850
28311
852199
57830
1113749
467458
774778
528370
1131069
492273
594699
237216
717644
680727
1002586
160799
1069651
215412
777054
809025
473177
834238
775768
1011001
129439
92249
1154983
620020
1219348
930687
568390
880702
211710
416421
656302
864800
550811
227159
1126306
650350
1102419
149367
573721
334874
1757
118196
951839
543139
101121
20855
368821
622248
1193555
959257
912280
159210
843671
558352
891568
1074894
89283
603884
919515
1186868
1136528
147807
1109011
98343
736831
702007
852907
832030
682981
1029215
557915
1267144
149547
1170757
891075
245320
1120380
1059925
1115439
279874
534757
168648
558443
711873
659176
973037
668091
461886
118970
468554
1116540
866838
1011411
471536
729150
982841
555037
234040
822935
759668
485587
535174
195510
649261
510782
733821
925752
1114288
20389
536657
415579
863297
416513
399788
813767
759107
233139
534598
1271447
572040
613042
432452
560470
547538
658480
1258188
1241571
1005580
1180602
207395
306380
1099827
1186772
536466
261608
960310
269442
989785
529776
1202182
1279768
418250
966873
923803
862920
779593
946668
423190
1110116
551300
76133
496487
589107
231647
201262
785808
872863
1132337
1003262
821881
91715
28818
716811
516452
702604
976823
2708
909358
869929
384021
471118
145911
730658
522539
256551
934204
844834
1080441
579676
572499
137575
1106815
731513
699836
348405
795236
652530
318909
122594
1005065
559847
824701
667913
24496
184503
598
1045864
513420
1173584
930577
360133
52687
1135572
1197950
50990
762454
165754
1052799
60533
481348
64437
58761
901142
836243
966418
395452
419582
1147850
609115
34517
624498
470784
23865
1164032
375552
171404
133206
258639
667253
324001
674206
301399
634657
137848
1022907
803064
174298
425480
1260731
1113281
164604
108926
561290
1169317
724153
1016539
904068
283811
271610
53165
99801
292450
997059
1099939
306307
455922
319892
810037
349109
1253740
228503
2448
527496
1278276
1107903
907940
1127584
1242340
85849
525487
847280
567898
17042
734975
486500
1095914
1122436
53447
202878
485856
171142
401359
892235
42355
283578
1010810
759132
1128483
1051432
986457
439140
300715
46663
1156849
834319
221137
1149901
1019322
159450
377957
217558
710212
408131
218141
1027255
768319
1042522
378550
898503
445504
1197222
1011910
25844
1208687
840153
85761
341337
1068011
931207
680434
792467
1077597
38854
611589
430273
942971
319858
552966
319387
362222
601413
664964
586352
49256
1269462
155192
210914
1267916
768753
532065
1187756
1046928
376064
302652
594732
245511
144758
775652
155770
383522
1114549
1004719
1152899
75296
607498
154643
806542
822887
1121919
534203
798483
529904
1760
858873
1272419
69634
460134
793967
465153
79239
640396
564509
73958
1237405
663945
1181447
1140477
243468
1149000
1188393
1201523
339880
898203
1063358
920544
1218490
443736
814614
48634
1153702
239772
40467
696842
661393
396312
78932
957269
344607
643078
696274
788825
1015554
56896
304079
551895
318625
37605
562682
762554
1168104
689704
857964
320353
837492
197697
1216567
33652
34678
169963
602518
685021
873141
251022
364996
1076319
1098143
366386
565496
464788
393523
1217645
305106
1153424
1113096
839313
574609
806286
1247186
375849
1053773
1160987
205314
770582
30410
603774
937938
648590
253235
1269769
986344
271355
457787
1168743
140370
1277930
1202659
836749
984420
1192861
639768
1174641
719175
745949
1251123
988359
347256
1050264
522785
1132341
319384
1129497
1211780
419872
920698
1014394
86547
128803
208512
987232
134457
686394
123772
845590
476720
923734
184493
345400
964694
974359
644742
1209018
241162
1045309
512671
1115005
182344
1120848
665218
530777
1129049
779447
1088515
435989
1114400
1013918
136185
788758
368571
468814
373667
245289
199296
57304
762103
400747
232239
37073
1103039
1048390
866367
489672
1109601
117289
272391
1220445
81431
388063
402059
29025
792927
508017
194008
538794
768735
354206
67515
1052446
974085
1026627
135997
100159
903278
1186287
16589
831336
976163
627445
54598
554999
32318
757428
135524
499688
737721
463579
461845
1256736
377079
1099119
404935
508502
626345
586050
576485
586816
252891
551143
680802
1053860
1175475
693255
518722
18438
451840
589945
389387
48449
1027362
1153895
502848
77441
111302
303714
1129354
933309
977802
261948
544853
23752
2340
785415
1092336
67133
290729
1032757
1019040
690
710492
361684
940638
642233
270721
59091
349526
434243
140088
852215
1143261
490105
501721
842633
179607
200860
1208897
904284
241870
654379
854307
1101268
1023979
994389
901074
374257
1202778
277866
95110
586037
1065888
61147
195303
497603
70084
190440
423409
365363
674625
141036
911167
379849
691636
614177
926653
1227077
593469
302810
128215
724303
1193888
627800
1169828
405348
36670
655994
632139
1154995
305627
1103130
1269083
107630
1064557
1193744
1170371
563128
172422
24964
792529
471556
570612
854625
1183381
246843
1056755
612922
933667
508551
875907
735909
1047112
578499
598341
771988
404010
169430
60512
1039303
41981
898519
811150
270563
349727
267402
858831
500434
715827
173136
1186994
241111
360937
1251313
228898
669333
351018
1051914
371709
356662
1254241
415543
615832
610205
788714
1112463
168893
831353
263567
1010545
323683
1243393
177
738338
267357
622391
305988
422448
200532
1170530
662158
119506
286384
1046995
927380
1019346
69889
814352
929980
635609
980651
414884
398290
1271254
192022
811485
589833
142908
1110879
76864
1231159
704689
822016
381943
607081
106443
354889
1113410
941762
1233376
870791
1230965
33301
620884
145941
168032
632323
1213507
552195
1162912
1116629
1118043
542846
1176599
856802
1272902
836770
307272
1006182
73073
961302
927568
130087
314608
380056
479598
538806
171397
293671
697018
1171581
386393
1248915
607414
1136118
621766
270251
177629
583429
381662
300898
403887
236347
386504
66498
756139
532858
741047
46967
893096
519029
380507
320398
1029951
74625
932950
577144
1017376
1265710
937546
537809
724598
572478
830330
1177946
1030617
203170
299498
85271
557975
1151507
1108728
272108
258049
997361
1181383
367280
368016
613994
126900
274959
1006111
120105
745028
1153143
314466
635098
1096999
609742
838634
1178149
217141
999162
516668
627097
382637
28098
608237
1240234
821173
20859
1089402
814525
482317
214988
1041805
597430
320434
1277671
114000
479407
580041
1075467
425171
1074999
811282
1027390
922550
1179343
1203833
813269
182314
209306
499590
704639
1098692
618545
155515
33954
113579
1065581
959434
537412
165638
1017600
839355
150653
757286
157000
1212250
402233
626205
1097836
870410
76187
769637
72794
443808
70754
89738
23408
674360
1195921
31179
1127220
424033
1190595
386376
345705
48462
702352
757186
312345
157537
482537
870166
950018
1098453
583679
774865
765269
711107
1035135
969103
93612
223354
921667
442729
1168695
620677
115372
135138
157943
724260
285594
786485
669626
226513
67236
1220651
272662
78139
671289
937418
708878
1187633
1042738
653070
648553
462460
879660
1055649
594738
670296
1091729
599728
109314
74303
957360
541160
1101745
1207080
772447
95510
523909
1057738
35131
742219
1168414
368277
1275844
260642
377563
723901
317336
829882
879409
635018
268340
366364
342683
468362
1247650
203400
802830
583875
415490
339390
972621
706605
980804
953840
1083771
1145883
780563
1048767
306579
1239611
126488
18531
1101746
922247
585560
1078133
402095
417040
664435
971407
506666
813286
428163
990017
698447
885735
925540
766998
486431
662058
175477
720797
709065
1178964
885527
203359
1160845
312219
1231740
171278
265884
904486
1047309
1258507
914967
424997
1203727
108522
915063
924915
1096428
586411
878628
973482
700167
1111035
629042
87883
453309
92058
759352
1091020
1057008
698155
1003906
823401
1054170
935983
668534
66516
963859
1131957
1258715
962904
1004347
693405
254486
436359
576352
546375
802204
294061
333039
562679
390977
102339
275402
313484
6184
1042649
699158
452988
705156
558905
254805
466347
284004
776612
571905
157820
249553
65319
385946
53057
324781
967057
1202951
738019
855666
21297
194402
963713
1262682
146176
506760
724806
1005957
562243
1215905
386397
560309
706553
1093924
508326
477830
816186
889784
75170
434946
488182
1188047
758809
1042763
790835
578893
919309
511242
66316
375424
380915
1014801
675198
455297
599803
427686
885195
805566
445186
780586
627983
1164210
493947
612169
428408
232279
1131770
681885
408171
115636
965175
781156
100239
984857
620904
1006114
192868
372536
971796
604056
768442
1076277
894020
873721
1073666
45764
979823
1004940
980247
309827
37612
658228
366614
143730
581707
1210081
175128
552538
1090297
141551
126969
514512
246879
951062
748602
169874
187239
396960
356336
861174
1049867
1131746
1077061
1259844
838327
1171669
808732
1199513
669187
511715
149512
760626
616015
1128457
1254130
528160
673015
421874
1000327
29998
67331
1081353
777435
1167600
160120
880171
1107007
1041201
373744
210745
1272409
150533
371624
372732
1251950
893140
558344
499283
524900
92754
658574
378059
151667
677917
355964
386689
23682
478054
919042
1089284
1161272
1105253
313935
1131737
1051239
992753
29089
546221
275419
1041543
993775
210890
220932
192585
768998
437522
1198563
183831
447654
269859
285125
1265809
248556
665179
418967
697940
111864
1255388
1122118
760410
1211285
832072
244276
864596
420024
247369
585450
1055598
25993
780362
358439
1071581
56124
840657
1210964
557075
477463
841222
383293
1038890
124629
920909
422492
1159398
833183
833020
538795
350921
507510
664302
691093
542222
324669
1250199
437883
721200
553410
744748
682416
180400
553465
338769
243599
841133
867988
621208
1173981
643299
1122566
359611
1216024
855791
491402
271731
1122266
134185
684920
391161
1085960
993140
672736
778244
1137511
187414
51161
945844
284607
710105
989799
1089744
64953
73430
138727
763051
1068027
1233734
471258
265036
218167
170689
1163609
802818
1268744
264293
396136
1139072
621342
53352
796897
449480
254159
1213732
49320
1137002
404950
1093735
1061335
800145
234696
1258197
349399
3732
15111
340503
780356
117756
439124
448774
694977
458113
94971
113684
288000
330578
863863
1177883
733718
456856
618173
1126486
253992
30945
1231158
835166
1122256
132160
1008368
345535
955804
147712
294340
658282
407764
970072
805366
210116
545733
890300
374946
1115979
166321
1030866
597834
1062281
220730
1091760
3430
53382
476139
422803
245890
919610
1148558
31380
1223617
667436
672036
71808
788972
723932
3445
412032
913349
1048020
461634
1031394
529194
467274
1036025
917357
134002
175743
778211
288398
81399
365697
860841
653253
247974
146039
796273
834661
45736
50924
951985
159396
1254412
1257901
1142530
547544
394651
781815
712675
436670
296488
872512
287948
320691
809237
860885
814367
673119
1036089
709466
255970
124373
512629
387132
487363
489831
388738
1103140
1044197
295821
19451
1093720
569247
82850
458248
498459
711880
752795
552834
949250
1000180
527859
35387
724472
599592
16393
617794
141770
632324
786774
600432
1023052
692346
998891
346900
1056278
529242
926953
442955
637036
175485
567095
804580
348690
43658
668812
1120822
575732
343003
493029
129867
347238
975810
679636
581109
437801
481942
797968
1234334
780990
328504
668264
797717
1192253
1029582
955536
1046297
246504
619960
1014071
253707
100304
1064590
1130448
1130593
253526
589676
879900
1042862
563316
104391
26305
927295
450370
996027
1242540
166760
324859
387707
1013841
274551
921834
866911
218836
592189
815143
546896
159668
332149
556733
342417
215568
1111561
1166848
240102
675760
622891
895639
204614
1009470
938013
1067545
1162219
771621
70886
715983
594455
109492
22500
555312
105349
1148236
496315
207040
206313
879446
760716
359403
1083667
427657
133869
839221
965604
486086
929460
478353
100609
1213239
520928
498592
127410
665963
1052930
135890
1089510
1019092
1177945
554592
284442
1063414
382879
337658
896550
1180636
322528
1102911
354468
52847
1274762
189299
363951
910217
1144332
1182875
87857
1056527
85574
883947
144515
1229296
822844
1040829
978651
627578
1224400
626409
311300
311611
158285
836732
556979
534006
143217
297022
1094260
256856
645276
354911
283108
124011
814470
1150320
592916
1252837
787717
381024
197055
689456
14279
1221258
637731
756291
694598
401406
324610
877937
108568
987088
1065486
1239332
752805
1002320
55229
71688
132902
1032693
763879
935031
979991
135
761414
320580
77053
803745
1052952
1148550
278117
591093
1031822
924835
1194659
664838
961846
1209648
830651
16280
903050
768527
417546
84282
480451
1150529
62032
1240939
687130
364427
1193296
908991
401296
219941
790961
608414
1054112
851234
815728
1135972
741035
393515
421706
524177
879543
1216656
845038
1235262
564503
500573
980463
419035
805670
472315
843296
1075775
1160922
757516
906344
966721
505154
1035821
662281
589015
620469
236232
315591
60671
425062
382793
370664
454058
342624
686129
632028
964022
708609
277114
1146723
31075
1044123
985296
842213
861526
482041
765584
339158
1151349
776611
376468
1041854
152004
383541
445707
437528
47175
146179
357838
837477
1116883
589135
820912
279669
131415
1238306
42870
161385
351456
739871
413877
1096510
343972
239238
412498
13438
1111315
571718
446665
344557
1218730
507254
458293
1128342
979341
814698
496947
885702
918862
1050423
670639
734211
586088
834718
789795
1111521
327570
1131169
23495
991250
735290
353285
334180
792647
988837
624325
55626
1211095
1061384
502120
695446
971479
681715
1165154
835794
454843
1147595
107861
263653
395113
164335
584818
1213472
657260
670838
849275
1233516
322962
354150
901658
318661
350944
1068927
232993
858722
206469
922058
159413
1103657
1044080
1148974
371138
441951
801240
682963
717124
112345
646130
110636
1213237
1106629
714943
906552
1147294
532977
285919
109933
91617
463593
389404
470509
1130198
157574
731922
332110
1241815
445044
528987
1064554
368359
1064353
710815
206393
743179
1067224
661075
867835
472518
1172965
1201161
617625
141352
651435
1156292
254125
968161
505732
1077272
1232914
499463
315202
346126
535204
757326
138587
1119760
101022
391095
211666
401485
220040
219067
551141
931107
896307
542597
535945
1063583
520622
885858
885743
637584
1002035
701550
868483
671490
783528
703074
341395
397700
1092200
339075
54217
991017
1238680
26080
350301
1083316
34475
1085059
242306
1079244
583483
163002
1279993
845964
405
290804
880963
589630
89952
1219665
389439
659737
974013
1103111
931772
828530
70341
930842
1211439
553434
1189714
31606
254999
199547
285698
1027136
1166743
306416
449224
90780
243873
482209
493162
670691
349498
116461
598927
233802
116520
839234
615747
1105952
309482
1240083
685873
241486
60981
946445
477044
1124015
549149
746129
824475
1028997
605233
1071727
896653
24659
1043044
1224995
709956
1245842
166244
958264
188985
1056233
1156313
125212
221839
351385
893873
260277
1189521
366845
706651
1115524
441430
694300
1237575
716832
717675
323126
593333
923408
978784
983635
74647
733444
962203
869446
625746
233517
281439
628263
538308
351742
995438
199385
349863
435745
1219412
772363
1162774
418958
876836
419569
447995
752470
212847
735583
500772
1232125
994033
739240
885872
697617
105238
661221
985654
566789
1201630
1215205
498028
896122
1202402
1255093
1090516
1062727
499178
1232202
1147518
586290
608994
783802
991282
569864
867467
1149144
671477
394125
420696
473457
1068256
212722
301995
649633
119582
232390
142093
559310
932776
52619
293095
901294
1216612
873633
297132
800424
1077590
443099
269611
1224392
449230
918532
912751
434796
891694
110555
408263
1251570
1121215
1100435
947392
118054
967119
300454
1165489
541640
1136009
728667
137537
1267700
579901
840302
552361
286476
1213525
342753
710671
979994
1123800
898911
1147353
784528
862211
894870
601728
613440
629299
424668
319064
514586
702464
1008990
555636
802523
234980
859425
796661
976928
1110537
1173901
505366
1175332
249004
472370
749843
418432
987602
499267
752527
656200
1080389
692114
685673
89843
487824
772568
708631
1077261
908574
760949
805717
189496
1184703
917665
136326
1213054
106362
803731
471742
1205058
151011
640590
76836
658475
3264
382452
301639
365080
315190
1266034
446393
454695
56944
931540
509846
486574
272949
46045
685005
45279
727051
1230554
1147993
758648
621386
339692
900165
517994
1004232
1054506
741100
24191
82732
659982
1038307
335772
178139
495479
1250859
1225325
542310
876383
1086299
495202
724849
1146608
241328
996727
455607
567195
247419
815006
172404
142912
31988
11566
1027037
1111060
248008
893864
982482
497727
442939
1032643
834901
717728
114121
966807
1095133
425100
455586
1261258
986163
719913
842226
746363
1151452
843972
431497
253805
55096
698902
1102563
443636
1069157
760473
227277
344512
1265955
891589
1208252
532019
838280
89377
889219
195910
716478
785586
935226
488044
1073223
229730
12106
275239
1170835
953473
973659
641646
1139508
1092193
291323
242886
855576
976593
637983
1013895
586921
149907
975995
1081169
670488
577373
825967
1280471
915083
265135
908448
481163
613365
151794
797310
599335
1127187
881744
909280
402641
1250647
207168
497261
281834
396142
1095027
575359
113403
19045
829784
1267733
740127
161132
444167
1262931
10595
633250
955024
564170
1250195
1161076
559463
128042
560598
1187243
189398
974082
174751
1232486
382770
843428
589230
609668
1081495
1083789
243098
709209
526558
226866
377765
333545
1062803
724805
52741
868914
441564
1101944
1046226
474211
721309
1079931
166195
136162
306407
865074
254790
928313
940167
682838
379839
287399
213662
238709
1101238
208844
1182357
380254
567541
608056
1130535
975890
812750
847375
931391
318353
301657
1168412
105243
866090
143877
379564
1080180
945359
270451
667043
716437
657641
798474
30634
906386
861458
1161923
775649
1182814
295730
9717
843587
1028282
434135
906209
251768
737122
938706
605500
115956
455438
902654
679733
318683
822580
975187
826996
1266773
319798
1240119
406802
766023
545216
922898
207954
1271916
234838
369391
212677
503604
1008870
166150
1152260
1017674
516639
382718
194006
837175
1018264
50330
253620
654096
952908
182126
1036369
1250662
1202187
985124
638862
1157782
608413
1069912
632146
296797
386953
1184363
436412
837232
287473
406653
1218103
871222
1040330
643133
569159
893430
121207
465437
419661
118799
4658
1244620
245515
448092
599309
1177025
1186536
564850
20794
660950
16545
864505
116596
1136288
1180487
14337
72508
272842
23280
1181312
408607
1237450
1043966
73661
225736
1022849
490299
69086
56196
855242
550180
581197
67700
728375
154542
789490
300827
524700
166810
353690
1007771
930965
705323
957184
1012251
975404
734689
213079
309503
948362
275528
1112603
425069
604194
51132
513614
555919
779792
871677
207994
83491
398288
448364
1112651
30019
11778
1240180
745360
787641
704971
541943
554326
1075700
1206011
1011779
538186
852876
180082
65841
296023
756543
379433
825290
343052
27712
1232279
186531
726945
1071991
705471
20170
778217
108508
576859
1277540
934195
48394
716989
230813
429864
1167256
750849
928503
764811
1107807
635699
443528
914094
187081
1073809
93128
200730
665696
1107710
850177
242998
650934
1084928
508117
172027
539942
835967
688698
651280
292580
288989
458204
656903
218257
54913
1142892
621238
250469
773905
449552
666358
2966
848302
669815
1212623
1240110
1007887
1018183
1103251
1134292
808186
1260550
361153
493901
194146
521837
1270097
1218179
1053550
525263
344723
479118
224289
80330
408163
38824
957860
534198
14449
1248108
743435
369978
641634
688370
39644
901440
797903
809056
1065480
1003851
1026603
716390
804358
790715
170207
152008
517659
172755
1190966
828885
17313
291380
1222105
1027574
475811
360958
309889
1150276
14250
616340
197784
875233
137281
4894
132214
563706
668324
1014848
57827
637935
1128946
734703
607196
81547
590943
433507
497841
170926
1061766
370202
298510
227197
20373
380667
577894
780414
275479
366298
900345
586378
448039
727899
1110397
184732
576401
1241330
877404
83330
625219
726408
217297
747563
1082120
656931
1134871
346367
987353
303361
795472
833148
146805
500838
525235
689246
685113
130326
859033
105738
1271052
98857
924769
763489
1169500
389824
515573
923787
237607
49456
1098172
1142896
955132
1261513
1186283
177063
133346
468401
573392
244282
340239
290483
700501
617844
607748
258981
412726
604930
259507
356989
754847
477218
68669
180758
609596
525660
1149620
1082597
1115031
314742
1274161
800282
406020
1176321
926911
58519
427458
785878
206028
473136
634985
656222
16739
347836
857881
93966
961100
100260
118395
317861
1281081
880720
956937
1023256
240031
1207085
974327
1040622
513089
1134077
816174
307546
723284
150290
314560
907289
759738
262726
122336
177345
714449
480515
900018
597998
644721
1265386
1043998
253417
81834
136924
653689
845475
1184395
855550
566301
186640
389171
755913
840027
926363
959126
665472
341863
855422
1189578
453651
1005688
751685
198363
298074
1075247
1140041
755520
750099
654466
1149946
1131980
944544
552362
705716
1218883
3334
1237313
97817
362160
239867
435060
271326
881300
1246409
1174315
1252063
903124
949746
213803
60580
934384
908909
1020653
922704
67489
428785
200064
655086
784602
1221276
97775
37251
699645
573452
501706
180554
579315
631351
597448
899927
323652
534034
91841
785543
1000277
818010
951931
8944
1039212
901808
266425
1184671
859872
532999
1236773
1181644
15485
312299
1222588
997888
1123031
424584
970076
1195790
527065
1123871
101503
503257
1208197
882969
677400
1071194
68810
672515
869409
467745
1214236
914576
1012323
1202421
1070912
229147
58560
106794
733177
364009
1155105
484808
457052
198344
65471
258361
684311
645272
929512
974244
67561
683511
1027156
816821
410865
847792
719567
485142
879901
646052
166276
1125780
929642
226884
918120
895664
871814
490641
873229
390805
911879
22741
770746
337774
964148
160613
10379
229588
101688
524053
788299
1266890
686215
747552
73349
968676
1036173
720307
1111228
441782
604306
616579
604399
336882
17718
1213904
558802
742309
310527
577719
181513
666427
686195
1025415
565022
1277737
1202561
1215270
218079
379203
780511
991587
1185380
244247
742932
683635
1072445
738804
245379
1162235
394924
155043
1051233
705329
841842
531300
1048953
501919
530833
1253708
1131215
1211649
119412
610039
289444
1237037
1268121
457931
1092342
1194554
382973
804841
384869
444875
247148
1048568
448500
806504
279603
804107
1152174
1107225
1121704
700949
616514
237982
700375
745056
41390
527627
691835
36744
740413
1060351
607528
220002
1166591
1277011
285886
75618
407126
49967
968073
622125
25522
360276
445592
1115644
101133
558733
222164
417214
822040
957046
1197678
679233
687945
337833
400793
200338
660777
1259095
809663
1089680
622482
1110342
497657
664347
160078
536723
288045
605591
1023021
1097720
1071263
478178
643518
748731
623909
1064170
383565
917079
787039
1025425
890993
545746
902354
667026
621032
1215174
398423
520724
1088832
852473
763293
1015491
937562
586506
696423
944329
221255
1066961
923234
201946
34611
1067306
460756
699666
173775
1031517
745955
383398
892046
10598
278966
287791
928576
1122877
857206
949125
71292
897654
1015659
961399
445197
534309
881752
1057923
1025591
1216898
38137
38069
325812
5022
395450
740287
1132327
317477
609559
809768
643327
1149539
910097
245156
918612
1250801
558002
673431
7456
904047
165346
926111
136982
144994
415526
412145
1231598
543053
237895
973294
236286
790031
164386
1140319
1041303
744370
512538
816272
1088508
457456
971356
1212365
483073
1070756
109015
809977
951617
845983
304088
655706
168841
560126
206500
1135967
810999
995697
716846
393724
280380
444606
1264065
607853
662107
987750
974300
1162540
131008
448592
771626
301720
647957
254416
593622
340719
1074996
126381
939994
560204
1179728
1226686
958288
856518
947359
939910
555634
1257048
1089308
1177358
768335
733028
743550
716689
452662
922307
672944
686537
609574
395304
321277
47814
482629
18213
691225
939122
671184
341614
886530
423780
377446
1252994
21241
855522
314143
1239413
1112475
1236494
676421
669868
200817
291942
728350
353427
1022791
277391
64026
1104001
864100
796613
330837
1011256
677761
83868
725449
189897
647544
778914
109454
148754
321219
1101500
139326
837563
1254783
230637
555239
791632
981768
496540
391686
864292
44821
301930
693298
1146097
63232
1043636
1275213
498925
1266727
818215
1071095
1261970
1121864
1212788
1202677
129169
469655
944107
364918
752573
118443
14058
686381
663029
407116
502652
904799
31737
1199530
874515
1017528
270492
259114
1024976
920684
693002
1200033
118052
784419
758924
758533
614975
171032
1083716
429382
317034
226679
320921
582018
671811
729136
534666
1092162
286485
406347
73292
552560
875178
188160
296954
1039791
311284
227
847354
450918
275991
480887
303859
938230
367118
197284
139471
781341
117140
221335
469483
342188
775070
978027
1123354
689686
148560
291542
991990
435810
1258474
1200082
407217
294469
915920
998069
76729
114686
399739
46752
1257774
248609
290148
942136
151202
736939
425616
1013179
1096664
637021
1091048
437289
1200459
649438
1203710
134214
1179778
959096
461046
32539
1093652
1005193
73978
98497
1226633
1195634
455357
1261730
160610
77054
1082687
545396
624261
139500
381652
1274877
514808
1268960
152194
717930
694257
586085
497136
788033
459026
1250331
769800
1087253
146185
367629
145688
1035964
397115
890514
710704
1072760
1213585
750317
197427
1068069
1164003
838371
839153
334765
1133822
839144
834032
168273
1257717
463851
339050
979815
940360
413517
376507
211495
16769
899494
1275646
310620
1131274
510765
221198
1042045
969240
702130
332461
750631
264240
1192280
731523
314362
80306
404511
1143271
14245
10912
813388
1105572
1251298
1050908
591268
87848
1216605
868549
677885
1208916
164269
604844
1077578
296836
686014
120233
204678
564743
353593
298608
906474
458150
133339
863114
1225750
44806
1032239
826848
227084
305604
728293
1090780
74589
412061
579361
1118303
1059450
728695
260123
155822
1176211
755944
91090
913198
754733
989289
243028
54222
499297
101123
473703
1238476
338123
625947
757767
888665
823898
127530
495383
959066
1037369
990691
772089
241790
372121
1252866
1152099
174312
418084
370393
126954
1186564
1203515
589176
1142553
1106451
82194
116240
1007589
716446
77568
459238
275857
261094
1191141
981112
1080101
1176827
9767
190433
669606
467828
206098
635206
882793
798985
240796
347606
1279528
5498
46312
936078
40978
731149
664233
305875
1028452
1234895
1220613
950586
785005
1095898
848082
1182438
99776
1206486
747911
1194810
1234545
798386
399354
990311
1219785
846601
386797
162901
1116787
503195
241091
148091
685659
980366
410287
973141
1225493
410192
863124
550395
628795
78736
160919
1059856
152117
432441
116631
729145
451586
964514
743260
24910
534557
48615
765464
802650
721230
343987
509432
621112
946765
840768
1023697
210761
299485
92271
561906
37361
1255633
195413
21299
606134
152747
633297
788709
646528
763905
183722
791218
776302
64818
833764
153441
661257
999349
280787
207522
1053745
816621
570782
606739
835572
528557
292994
1150278
604811
101337
1142378
708109
495670
809180
1183481
1186946
68298
925485
287210
856116
886561
366269
1142871
795390
665894
838700
308227
544977
175476
500802
375535
375020
1239952
1056331
392605
390056
188901
734317
441675
349180
619567
1024116
315930
156128
962328
1029092
437509
1178548
557933
1175540
1150748
129677
1077991
658902
822486
158011
426265
648008
1000794
736708
1131411
607499
978877
137250
114526
973923
162859
203952
6541
1204105
273410
1015263
513331
412593
332184
655837
161493
1222656
313000
484485
1205062
700256
257458
508273
1144013
691182
580335
175092
703253
731963
1031063
802527
973199
66069
349717
530140
477925
1206832
913811
267068
484653
880557
487024
119279
1032805
1263628
264736
535865
660169
563031
969264
698641
315452
664091
793454
896152
162853
98815
508991
336455
786090
1242927
1243964
1141403
1097367
582376
1273267
782011
1144494
854658
333226
552655
1167865
482453
409268
868955
481403
920642
989079
1221524
792232
219606
308220
812767
714623
1275617
222995
692865
751586
523692
792002
292185
146519
493463
591684
61070
695783
117175
14963
485341
862059
1279886
268693
815502
225822
979126
1086647
964138
472683
52513
351481
646601
266041
54335
695868
1021209
198168
999729
361918
607721
831201
764246
798263
875879
851735
360078
436319
570608
444232
1250119
953622
518482
47292
868627
398805
724090
220731
804001
830369
43876
787558
388567
238281
1213221
1123418
777318
640464
6220
656274
886432
819878
1257327
729050
1099143
1059258
872334
106660
549581
1149103
24249
335020
408567
686177
468789
545051
662585
360195
908321
1139028
751873
1210287
439852
14515
598890
714509
546390
483743
347055
144921
285374
11751
743126
1172383
14256
171617
1171852
407900
1120572
1035734
317844
830910
596696
571131
1165523
583902
695177
842159
345863
1276637
168681
785048
481367
915399
681563
956375
211885
604263
258843
483817
29506
1141585
837990
221855
379539
844228
1116954
1116734
132569
206012
311882
527648
280529
1014108
1143471
1127990
1234344
1081617
1227489
1169457
376716
497383
1225587
1209244
229198
425834
1253085
255853
783983
879548
746084
1280813
336866
660497
388498
771944
1086002
1112713
156910
714349
286888
1105295
917992
1006979
745708
495489
1182634
727769
1281074
794935
685644
357163
927416
124886
857449
702808
121197
981141
542623
831166
299761
1181678
235989
1013847
834122
240534
1193994
1226198
575235
365684
1109723
279514
460256
781122
287457
103961
134083
126204
1182284
965017
227264
646771
258181
1236805
584614
147747
423506
695370
432640
363815
498113
785914
9142
813898
499643
1240013
647205
1038058
271996
102189
100757
1137269
740712
1018481
543838
589847
783118
340223
828335
1012525
1264777
402663
198883
487480
85174
403458
1107312
197447
917870
260161
42801
717501
609952
435822
1095487
1219633
106747
956202
151025
351727
837997
288735
1228335
37828
823341
253521
748512
224491
813559
237629
715896
1275120
749731
627897
1105936
619501
572153
631112
1088536
1147159
1044267
303688
638120
89259
529919
790484
1259982
161258
1105005
257612
180398
799467
144212
546005
1228175
470395
626278
423524
4891
1034037
828996
701829
1102098
254815
850000
556890
18777
755502
330853
648667
16843
393350
34213
987003
220165
1251284
159992
603999
1164221
2390
826232
417956
781063
149653
1268221
883098
415522
193713
510681
405688
998355
811019
1067713
963878
1198990
135366
617858
149546
210568
1088895
1277648
615394
511195
213839
63382
1133118
858436
376680
253651
83881
532603
381619
644888
585976
297812
1190865
293357
153027
925415
503786
1022259
892663
496592
969835
1258342
596376
478555
623178
397663
450000
345584
484395
694999
882889
1127852
50582
755993
400809
686518
143866
496693
605655
964791
1583
965700
537739
457855
83284
440388
889384
124651
1052583
985056
141441
395388
110500
947470
1099418
535111
716609
470277
6527
53833
1020951
798922
488193
1161441
283871
1128033
275202
39965
182911
437447
1225980
362134
638276
475043
414860
768269
576454
1182949
618259
52556
448057
376175
1161839
799894
647538
412126
473342
743500
594483
450966
453994
1134167
470864
1159002
1234804
253487
632687
792852
539488
504249
376158
1222211
1101374
354322
952299
1279458
987473
31611
299295
941967
464920
1191190
159721
842490
675291
303617
477092
1092840
145411
204316
305860
471441
1100776
513260
65578
69114
1053782
531638
600987
905597
431940
624556
771739
1085101
209565
278828
778512
818270
564493
102705
710825
930279
715499
1204514
940131
1270920
365432
774677
803229
906088
1216776
1021828
886200
1247250
1221050
209778
1183641
298205
804767
993341
1030037
611019
376592
1072087
213390
1178958
1166127
1101527
1046441
422969
582904
706984
309539
839534
562489
844946
823593
477611
1116669
1015424
205152
818666
929270
389920
233469
809055
1227954
526886
634529
1202410
642939
832368
1022474
151557
366704
220109
146865
1105726
298326
145367
989486
1232269
1258980
1164893
1202784
76682
801619
202672
336043
618322
1017048
224626
354776
1032280
397077
218478
622975
318053
1083815
308127
351228
130336
951270
738976
701696
689254
579634
1110495
735131
296359
1105716
239682
914142
340418
1058081
1151563
820759
959103
1066645
625737
796226
1168653
260996
906330
1142566
1239859
226531
309842
1266525
417656
1137215
1178176
434887
513395
74331
1192862
314778
105443
1002016
700421
222514
1082800
1161867
753083
120843
14980
1060218
1041581
360488
210548
925831
805513
553853
600633
1115701
407524
655251
263076
651386
119254
1035011
677299
661728
878094
74739
853794
177736
1201231
554027
704762
119612
1145893
468311
636637
129745
335494
478669
202620
403170
1195900
64608
675491
726448
1214793
856823
212916
504890
812800
889894
866621
1065691
883111
402780
465984
236184
857681
1208335
974022
655110
478446
113247
15317
34572
278692
100406
1248430
707785
885534
384944
371850
836426
492636
141648
254856
492009
730907
163044
315644
130426
994383
271026
846532
687471
16408
708898
1134247
990606
35394
1272620
533528
788928
1065129
583590
844699
1179265
336313
443384
115769
986091
406556
1068163
914976
1102323
826181
1217696
1131037
1089201
1216512
695647
94947
1144378
315020
773317
1243947
386561
214528
455526
621346
210349
392967
740958
187904
681768
847633
616614
273024
1066707
192965
409326
71228
1228224
631725
454517
21627
943091
668221
1108178
670807
168918
665662
831766
580192
442277
813162
1185016
1002393
250994
233643
400520
870272
1184305
917811
406650
989545
173897
1127355
1236063
873885
915553
1010426
1055250
1161598
388947
975309
1037625
688823
565754
427440
44717
456256
760041
307785
233610
589774
991849
245707
1031280
736336
1120357
794019
857326
1014634
1064311
115220
69246
375859
570569
1078795
320237
233705
94325
185948
385620
1130356
496532
415378
1005821
741019
800835
104389
301864
67421
291199
911756
631662
241233
938500
271333
976965
671516
654389
817827
1112086
805138
579296
650733
881674
1012961
571628
478793
958746
313858
1022395
1093317
617524
1063841
607441
266498
628464
1047398
56251
108602
63900
411452
1062666
586313
743900
550691
104710
813404
407862
195975
846942
770939
879866
528399
968112
284500
62907
257360
62498
1177936
445897
813643
290879
1037608
647509
609834
951720
298789
339750
746616
229125
697604
563903
391687
530970
204518
422853
161260
366778
415788
196820
1051345
509833
234223
58459
1148167
886777
1065140
78954
510846
1063971
792613
1043569
615675
475768
531946
398390
374774
266463
965288
245728
705910
1068065
624746
872925
837338
301408
107895
1188577
86285
433237
664498
864203
572049
1043962
319524
262700
1139394
434131
431685
942927
785313
1026307
475088
215814
1039154
1138338
137901
1022590
1268101
148938
763076
443513
610719
670736
554915
1163423
305498
667523
1066430
320940
380887
448155
669228
255946
126436
462916
910548
157282
965212
740630
604873
452860
956376
1232387
884204
685240
207655
290611
796442
1252744
477039
62927
71459
270166
1225212
867729
1057906
429468
1132608
221853
593380
1273466
334733
1087006
885697
10697
161723
359
1271058
715247
544788
668112
681657
775734
1052393
1075492
1148414
789132
276344
1089203
1026454
133999
564320
212502
24726
895475
1124007
1109515
1144187
731265
762293
358202
570062
848696
241857
1164398
233990
888875
342604
581372
1251942
787736
397939
474036
998558
478564
711049
219623
824321
187742
1182042
1019674
200183
744757
278474
55483
611941
357608
1201
52724
657055
609122
748621
526230
691193
1225736
208940
211652
501095
690882
1203056
733796
1123605
1257995
473236
1124427
149183
676628
766337
278712
781921
608284
841710
316784
1263868
745587
556253
836538
912362
1233598
625627
487387
692517
319260
328469
612902
1277851
1062181
993363
111551
10329
757695
315238
338581
50360
954892
460692
1022147
459498
986714
593899
434359
682216
833598
1058166
255357
339919
60803
123117
24006
692600
426829
499233
223041
455042
827123
710077
518496
994403
752611
347397
169226
700179
605240
520264
403215
750360
652763
1279862
377878
331044
544874
768983
692512
760672
593477
522113
784146
439568
49720
458486
922847
196445
502229
345950
676105
1189742
427816
894154
123535
390782
390578
230017
680174
851631
353091
486366
591257
250794
745336
1051096
738060
656201
862207
1003931
59375
827561
584986
557331
664920
1228406
682210
77660
997803
489351
511259
1235177
904147
375910
958768
1079321
1062735
68896
7207
178211
839013
737791
211985
642750
258543
1182986
1172761
407941
1018913
584073
608616
926534
709750
748080
731481
610420
187063
1150989
850017
309944
194322
1021836
280941
916144
612187
1114012
36726
433864
531424
1013316
331003
1201986
475884
956279
1129328
1020258
803043
848606
355301
282176
717979
143426
509093
82286
1186338
1199909
76230
1069686
625523
456034
107475
549936
38908
821908
675164
1098849
222796
897835
458506
122278
720332
387405
305993
288105
494446
1000290
948402
115318
766178
30663
817173
278180
33010
262411
191142
1037018
363715
1132996
66896
884152
334089
986377
808923
1122778
465621
744069
314849
756962
454887
1088200
990176
292308
754272
1039383
555759
407179
24567
6728
704204
1221120
1106560
56728
1176518
1146417
563540
878793
531532
780677
434584
948042
97411
260607
102247
720562
1090244
683200
975991
1008001
375959
903510
78207
856836
664401
1270480
1184799
508020
489561
1166762
116634
300714
208809
603038
298873
864041
60716
326515
367707
674121
105588
903769
954021
895888
313669
103048
215680
190784
384462
1246435
555049
907990
1026497
887646
930000
622971
1056863
681408
378584
1201678
428902
80799
767808
904403
1201468
212292
863129
267603
49901
215072
152335
1082956
145278
429364
928160
411186
1189814
1234403
129014
819909
3807
109635
386036
805451
756274
28822
868333
750510
40339
1048674
234768
43598
29608
185633
556230
249370
231065
518717
594511
1148759
22250
812480
505561
766978
536393
466401
324415
183835
422650
523911
574410
837724
322496
715849
1059679
512061
836656
880298
893536
1214954
568997
302293
691732
1005083
801948
697700
610907
807578
1018675
442152
512664
868531
877553
110787
749495
1070453
1222822
1140273
1234565
617956
527420
170609
200546
351229
693639
53841
593439
193802
242418
426349
691696
25338
448994
418845
40121
437275
1132950
569534
709024
440645
932350
1142849
1162564
1014329
548795
1075908
828350
345650
906859
662668
1100980
482514
853688
585297
953925
449687
1190782
1034723
13321
272669
222021
774390
10063
284861
894594
11195
328544
274621
183474
500888
398391
990164
172718
1081271
361594
750016
595884
1279952
581714
117047
793513
422824
506730
311220
363833
178499
1032060
213729
1153634
1055779
742227
304347
1213834
226444
1078356
869985
1066775
1242139
194263
563122
49772
787397
87431
439602
1091796
634411
418681
289445
886995
336031
38033
1150680
492181
108941
453816
155825
68038
224128
236967
590838
675570
767872
638931
623983
63399
292501
764293
383634
757161
660474
141666
1076918
150960
468323
773490
610123
570405
1196494
691642
645125
145025
619463
34646
816722
806827
1000288
1242548
415766
58396
228629
738291
33238
664983
539528
134839
89341
510967
481082
868799
1164606
585796
1068276
1159945
901853
684738
625618
376757
942539
22668
1076270
1150509
881684
1248170
494518
234039
855091
282815
791625
122694
1016644
749037
1208653
951204
1233339
1218284
742980
1220345
551108
348905
155520
612843
724200
751381
578493
362299
1226639
389307
1169448
175515
1147096
114510
1278680
1051558
892553
376220
1107610
603647
548155
645583
619494
363206
1195524
869993
1214010
640277
670546
1020682
182108
645254
615177
808657
800727
1103478
1194620
1111278
234538
261318
636935
756764
745598
521785
896098
1043775
649188
612192
137357
710485
1224008
947642
281253
617925
377750
962643
10420
1230215
83750
1008698
540719
412765
479128
8294
686762
609821
275901
901117
471603
557622
328304
1052278
245682
523061
1248314
826842
1037460
1104358
853160
448532
914879
217346
516529
1248224
1107834
625156
353
361841
1149649
375199
1180621
1007827
1138952
1141638
1097429
328625
114027
401669
52428
1133013
43821
504055
469391
138892
782919
1031191
313221
1097002
478282
1120399
831807
17328
533319
199364
154094
1031874
769931
483326
447118
453140
955493
1226741
860266
1197303
887697
965330
980233
956163
691670
176569
1047085
913555
3600
263280
938285
1110457
741745
720261
832582
930921
1136826
260840
806387
743481
866961
106717
68595
749203
543963
1228590
1016433
1013987
489943
403628
205351
1126776
1125533
513510
713632
969235
460107
912826
1192123
1187182
16660
163349
1150232
1105500
400121
795062
349802
1159746
1083870
277008
1124429
934040
1226179
327520
740857
821408
776846
928847
171583
1233439
776843
386749
265864
1010978
271691
851432
582885
488595
997302
380302
1131624
72526
506590
1009220
95635
866578
145273
238203
435115
27778
72844
224728
168939
172786
102106
558285
847504
1161322
649383
199778
345320
69761
332042
559738
843028
382907
1257074
258987
535303
688379
847224
553883
932248
27878
1076753
32781
1172205
995485
848097
174412
136103
1245543
74096
435608
703713
858386
1199658
1149045
640295
329499
747315
1177571
482853
518210
1233160
54680
276932
1134339
14539
885045
993103
1083914
897117
667315
795790
1241085
282416
752940
189666
695769
571021
1278529
1060558
1258882
768296
689200
163891
1265337
1202294
1034626
396535
1922
1273440
118442
12773
1010814
1069220
287695
281527
153376
803799
628998
1224751
230089
789514
73711
1228127
891468
238110
293938
59282
1205520
586526
738125
11063
387650
856279
622858
1197632
653460
152053
363665
1133728
27013
198656
36663
141630
657573
1195760
563111
595673
1260698
286414
774184
288078
1092768
481948
175158
1116241
560379
723674
610660
252251
668567
315670
164823
1021316
846688
784443
394798
1249146
848150
299154
62726
379202
838867
1045968
857581
116777
881771
252724
782402
656926
1067710
912831
97946
1034442
768231
138747
339691
918510
1129316
78232
1263190
99293
746369
1029141
1217178
247659
179634
563170
119356
998128
324089
55536
973989
1042400
20728
356928
383103
518768
44694
424321
944682
534177
373404
1145223
1261638
1079969
330978
1218969
990275
1011195
343563
1154105
432261
478348
1140425
19059
387068
619942
1144792
338862
952209
1204981
441996
290715
892013
86967
995809
1138737
482675
853383
1222538
172691
1266657
149583
1225123
1115793
700704
740461
777814
1154988
4563
450345
537948
1129415
842385
324283
1189902
720694
126069
731459
58916
545788
1003104
456105
662
257610
389739
1068872
144339
1210605
148709
1217087
869404
493207
842512
448671
606322
872001
662376
183685
659820
887362
978526
1133495
870666
126766
367249
931944
1164691
1045617
607568
1242002
633666
175817
569519
150078
308160
375525
372408
982570
535351
89664
1180815
538163
1117334
334267
1264075
212361
266518
101094
164035
357719
999781
67321
1240709
79454
755035
1239853
986330
891817
1237678
201830
599200
825790
292304
716860
1118520
438562
33151
76593
62595
57228
140692
887535
1039087
703939
682028
169204
311996
624972
102848
1031230
614222
601353
823069
396627
882022
607356
446443
1248984
142409
995320
273666
108971
228577
1005200
278163
1157812
326124
964476
406591
466433
716698
292096
647598
286070
31636
1151226
891089
892407
147255
1206141
469374
852643
297767
939474
198175
1097863
404461
1241523
901569
1014499
1172694
676380
532001
1105217
1054065
1121270
1139666
428395
145842
17201
1252035
1233636
656060
96144
717133
620212
723682
465469
1087127
197742
131898
112560
1235726
1217104
721650
24719
422357
241141
1134362
617176
255792
1217161
735288
397529
552160
1097877
1216175
753545
534615
792265
228749
707681
270016
643888
642390
962037
791833
486195
411150
522404
593149
829035
726839
394112
840736
453982
281571
923947
1259981
1127879
352259
995745
204963
1106545
1041009
1106895
909409
388351
131265
225079
903764
762662
875701
1073792
855579
673199
1221925
1212941
1053738
434253
809463
454934
1201192
1212632
249818
359700
356208
765627
899758
890344
180627
317279
337190
818122
236439
893948
534208
408144
138888
924117
463416
208559
563355
447034
1128439
102337
131696
438969
508797
891909
799381
841616
1199224
898246
1074595
184906
104922
1080169
726745
1262261
1140276
259307
57057
1046340
1070566
968819
56813
269979
310573
835067
810431
13886
383203
127939
666711
1079970
951398
956246
579053
156143
913863
1093564
540629
942937
563373
861838
910928
853846
996048
1253451
1222832
243279
564663
1280571
1122504
1031750
202031
847983
434263
199673
376469
1170690
387138
290127
651240
284389
182559
381565
170813
739993
1263551
232169
1276643
328494
431861
320211
498378
881725
588863
710226
190836
495179
273108
560753
1020159
225315
186261
21106
659998
1139297
548809
400552
598265
515753
873940
921684
443866
1271017
440780
115308
267167
13469
1183686
689517
1245628
191100
698446
730528
870460
1080126
98890
218139
739499
1154172
185186
1218257
1236583
800360
70085
516320
412
573902
365822
806953
535491
1006908
716416
248734
1132198
232712
1270727
380522
164186
631693
1049323
1069264
1048681
1086642
826647
105416
1129732
251865
256364
613324
315379
1124690
774839
155032
383762
516868
957900
794755
379780
993291
293276
499651
910111
39066
1098455
784141
1037511
464275
991347
68883
325447
138127
1113176
1255082
67621
1179851
238027
244982
194517
511833
490008
678222
373809
279615
143982
173467
921584
1120876
1137923
1064252
816187
530230
183981
1207440
197280
1152799
363016
963201
1092455
824802
91966
1067724
1204338
677971
1238796
94520
428830
1114094
76748
719407
194377
821281
1131203
631617
379586
847509
77774
302356
1114600
687777
478507
890922
1236900
1182223
557419
383879
1102373
262294
458034
1164989
421146
692677
559265
1021702
1181413
579576
121025
1169704
574833
1037136
50903
77767
224307
765814
341609
84299
991808
1030272
1001145
993536
1141215
705339
354557
814423
376316
1031363
31841
6223
535375
302955
810559
787204
1102737
953819
261999
1206611
500873
407532
1192742
130109
347245
346627
481655
200018
10839
597491
63831
1255838
210142
331533
371955
512707
138185
251161
837259
145635
168801
1039247
814689
82510
563072
698399
268798
414875
873592
1025272
529009
788874
1116799
10397
833611
981526
77336
466367
248809
1182881
300330
692716
1251007
1222977
1193678
1041776
719449
664908
287341
1146525
745807
1258578
789527
374329
1146311
527894
1091060
615882
1203736
991470
751246
622459
62250
1253446
260834
680941
488729
937711
53634
144333
137593
555301
563283
450909
850745
21487
505171
202472
519218
152548
663739
798531
641191
122277
925686
1036211
660336
836949
954486
936136
772597
354360
567726
348171
311891
303347
1095204
515081
1175669
507438
460657
71610
765848
47082
303823
355619
158243
226612
134911
1191646
1053358
574876
403875
171253
397280
1138873
900886
1105803
948216
303562
221684
727718
885661
499732
545018
672056
1280772
1249152
179232
1059018
1244198
72028
1145570
254104
1033283
816960
1096716
124268
889635
724349
203377
404242
326802
667274
1156072
1245218
674844
1017004
1012934
764270
844391
1062085
661842
698601
729296
174249
722781
536789
1185363
1093768
653233
1043575
748936
919047
67643
1217552
1276556
323628
827311
146460
162365
191474
769589
396687
81580
20899
27893
588013
326567
426493
944948
967649
542532
227327
109619
708895
307398
331109
907117
308710
157982
977102
60222
389350
703213
1234550
385503
135875
540515
857360
674566
756612
398792
402433
830391
741585
485241
1053586
711213
625197
1147803
537464
1200808
309953
14091
676331
787497
157591
1221323
676019
266376
407412
722150
227828
151837
807454
243267
451012
800264
1015467
613706
248155
531773
269496
100777
376430
727890
654614
225901
398912
31857
773878
951755
596293
411641
966330
403823
896599
1027584
882168
597029
1192848
169658
597068
1253230
723389
793912
232153
838303
1143088
1240075
819695
944601
375125
530443
72888
850659
675378
48971
840976
61267
764739
1047271
948798
1095418
1173665
639656
192366
1180849
1250703
578883
84679
19092
817589
630259
959280
252953
1225945
555475
186040
980103
431876
573639
1162635
957362
352109
283900
318976
1069196
334282
585805
1228566
653266
265712
1013229
559616
815497
1141670
870199
1150110
1126893
316231
365226
1242029
429670
817833
620528
209833
926946
278535
1244522
176788
495227
140247
764148
88864
1170837
729200
1029021
1021981
35872
976234
399400
370170
172123
232990
25671
405091
1169481
105835
752634
234819
110552
939943
645976
552623
712990
1014061
1147902
1041014
682617
27400
308263
417660
401528
637009
887371
916556
523995
646912
1183563
50596
967463
1240557
536677
887538
788988
462216
308187
367705
203674
474187
1196756
676856
1055331
969659
773603
6046
369889
752052
957922
1071437
986080
186122
1097468
1121540
923074
680387
305241
1222269
402911
925347
595779
477291
364071
342271
546374
1081344
831279
634019
692934
611774
199716
1119539
699302
503184
1181129
61509
929713
576503
422090
1237964
1186898
300155
105165
283525
1192556
1245420
356714
1252878
974893
469185
173158
285052
403087
1212588
812112
420099
409667
793535
247214
175195
1065164
19942
1252976
169142
121013
1270613
1069171
357436
1033570
149785
216231
885198
312175
500
1232390
434448
1137719
5414
916145
1273035
122980
723097
793652
370067
478213
52806
186151
1101369
815190
230301
565093
92418
1102319
1236306
434791
543743
455142
225892
635825
1275659
1239977
193411
986470
224885
1079544
885744
565169
975698
421177
627626
263481
945037
805149
877509
546143
820940
648319
33170
465379
1119778
227378
30722
597819
226629
1104981
558726
463834
466244
401749
1099988
366621
477924
236354
1162304
511639
206296
1222422
1020231
985339
392890
1027549
441975
347924
1249270
784916
287987
831205
638295
714597
901582
130693
344922
253380
1054788
179341
782930
50023
1107737
113876
960664
282324
725624
788385
1175059
315709
950170
724633
473471
376952
225983
1215647
595856
158172
821586
218092
1125335
1205151
874767
729908
242707
693047
221284
731250
806585
358747
781349
795510
413349
1109843
281066
410772
1163364
679660
588479
148439
1065384
519006
477073
483945
936342
223988
623645
1178646
717120
474759
20412
154146
238261
629597
422867
1034575
434477
719588
1202832
268206
625218
629325
249976
545313
843729
542001
407526
647388
575971
1211943
240140
805484
1082386
1083995
1216333
211217
291740
519008
1021582
846168
368421
428868
1090460
111684
1028684
1062688
508817
1243114
1133161
823801
434551
628408
389165
572815
337308
436842
608879
217376
876134
443621
906572
673045
1084204
60551
353189
588169
927597
770633
696594
344333
850295
721493
721790
1068554
145295
708125
457568
808720
549929
328490
350456
640195
926522
999241
549600
628452
128824
134978
290224
588528
1263613
474996
464142
458673
255188
350195
190054
114955
585872
675556
404701
267495
15743
481058
1229479
316482
114241
298785
1149212
581333
738689
43379
56894
882008
1103260
1028072
578524
1068807
258148
781973
1076179
610394
296321
745460
715518
426015
110935
253529
809679
462964
1124354
690507
755087
331279
477989
624514
867360
631985
35412
127745
302863
525447
1002633
413578
1165559
728381
942315
790579
660454
859656
1133518
1197933
192167
741607
316709
48474
658539
825299
690825
998132
236835
179839
963200
314052
970109
326
517844
857953
403027
322026
131568
993467
273256
797921
1097051
906151
655046
799091
289753
213062
528756
583054
620290
875530
778112
466236
1083035
1263239
303969
1180700
661547
1140474
578004
789355
554501
1070148
945322
1054405
296202
995277
803590
436138
235321
1065829
1127614
109688
1165112
516144
897724
749754
687443
477077
458830
709084
277357
912860
3589
1223656
1192672
636256
122534
995371
502298
799641
1087413
714714
578370
457940
657171
297408
720895
1094869
1081455
843534
862241
840738
1111351
727392
645969
1165507
941552
671607
1270108
774176
221979
374686
377809
864850
365424
1250255
777532
79970
802574
19793
572555
679542
256228
154735
384961
1099830
862323
945335
215234
226621
51616
435953
934871
491616
736538
1181408
394871
776315
1171536
276286
598858
608340
270357
203921
607310
431535
246254
339595
1255242
569099
1006273
1256147
413244
400483
188130
57760
303952
870706
35089
550847
1105977
488823
835139
150928
100484
1128823
1178815
976879
870871
553811
624452
312751
103794
1188857
1104325
492804
336778
1048706
842851
895582
1246080
951593
1077695
459091
195079
504135
1223478
1120411
590638
308742
1170343
1128109
255651
651089
830007
1183063
713827
958748
496559
473817
553152
216205
264769
54949
816873
1082308
867240
1267383
987034
288479
978426
1037859
1123708
536451
826147
277400
274416
786061
363983
79721
72007
318406
1275773
1176293
29139
86467
1224577
679623
871837
1190263
474633
1077562
115658
622918
721371
231561
1071670
846370
214974
44718
1129750
1023333
742946
172754
352017
700755
500719
57614
695550
1211360
1214895
130717
423776
838269
279872
667734
131061
880357
236434
202364
1015918
520831
199317
155001
1177954
611192
641325
823452
820409
33060
784882
708330
982710
1044492
1052899
897073
173244
809067
314157
1263128
137346
1269145
1028671
1010416
522380
888387
838955
780105
445534
284435
456250
1122836
1073131
1252802
649268
1035331
642922
1047958
349846
360769
1219254
135768
7119
354981
817122
614419
722889
379720
272710
217536
1159610
684322
67380
426386
649565
432199
559383
1090174
671206
1237118
321989
422347
515203
954939
527076
63440
1012119
295901
777923
441028
544306
1053994
879307
1230051
592684
965510
686372
792650
99375
105394
1268728
588413
708769
883750
43043
1200528
662132
1276269
937395
791764
665423
691392
882833
500322
110568
589434
288781
959180
1093534
1113486
477419
739449
2254
1274042
412173
212114
1251888
244906
664682
699749
587904
7698
1065758
692273
1140823
690656
572385
818442
617960
893975
278681
419868
1250596
47643
1038480
1022987
195529
234303
1014162
1003650
754969
1186733
1273162
754143
921193
1112893
557611
204304
1004257
394331
890407
1126194
460883
444436
30652
493134
182823
307519
729031
86326
498951
385880
509274
212108
1054375
1044249
1182635
1018129
1216288
81299
408462
1213287
447328
8318
1106690
1184585
525691
690746
751841
1209774
10039
106686
757098
781426
263256
610153
965063
1101642
1169059
884496
174305
369997
968803
478634
348681
57149
1049948
1150521
735939
3816
1050625
1087363
334531
833997
860650
581305
134853
369625
257954
1233741
653380
280492
364701
177100
405106
664547
309878
1048988
34708
25020
849621
1243473
994104
666378
606275
611323
954568
1160312
380327
395581
327508
183606
206128
525737
15825
1221318
1219875
207440
20830
1051082
619161
704403
1022154
798168
231900
847810
161214
654210
768454
508615
1169318
1096930
809771
351419
366002
767421
77898
1030231
336351
326673
593388
1092481
219369
306296
120854
273091
1256002
494037
376460
1268277
54565
1200090
850232
404068
93576
128118
964909
114045
247519
724889
467681
1011450
697946
404698
29357
644958
1101559
196453
1150159
306689
640667
1129821
1020722
848640
611280
244329
74883
670508
271684
202257
1114056
1083657
651717
783935
294731
408361
637090
830273
917519
1175046
1161689
656382
999834
1108898
526615
942433
862507
1074335
21212
553600
1210546
3065
238135
672786
499622
432750
859977
336751
951553
681065
669142
409036
99058
854958
1149702
385422
630066
1120985
755435
902071
254921
301421
474830
261087
675247
751867
188590
1053192
409293
561087
654344
334003
691624
1108285
366398
941702
182987
542254
259164
757827
239099
525637
1145008
358735
723190
152193
763924
302451
1027046
1277342
695730
506060
468859
39602
701910
430781
1055507
968282
788398
635382
825864
1115898
345180
727621
925641
1257586
773862
1158665
287509
347855
1171580
387383
808105
616429
741910
277004
122362
278578
1016541
566321
252544
1098655
940378
920411
880092
752170
73214
344521
577293
114837
782020
412276
1081397
195020
1120645
1193943
534783
1082661
366761
66030
34352
25567
871794
743697
983696
1250381
756169
704916
901250
930871
666336
800609
1191260
632287
186528
1165511
1225788
692853
904344
263367
143676
348437
1024516
74893
1006974
1181171
435777
333646
299317
45560
432202
792177
616900
1108751
655349
1266133
844532
171966
960223
334478
535293
540074
148359
993621
637237
633867
1271702
1203695
1019290
744590
681000
429433
178640
362509
124968
460226
387169
936921
515161
1108980
268845
757689
1185789
823641
18139
1171306
880112
894108
479378
690424
321947
983330
1234879
372055
168576
709889
992332
922087
329054
933739
1172736
641194
1038735
1005287
449328
236640
840808
839225
899407
1019542
210697
869128
237027
491066
230821
1276951
506820
1005349
690853
331338
438339
495391
1038267
256884
734940
453431
822850
31415
626568
356258
1112021
721300
412877
169877
1243791
883191
148837
964209
503261
216056
1180472
839902
102379
1021036
984461
94534
1209960
978501
608498
1187737
735898
104918
1000574
836250
138641
449387
1075135
58541
146092
1150471
9243
852531
597009
848904
5833
498536
605513
161227
192397
88312
690375
3243
776588
516600
1220467
885061
174230
429989
376362
789104
500822
217680
202686
795830
1249825
331019
11902
823116
1038139
538318
5572
1181489
985148
851574
267181
1228685
579135
622470
1201377
709771
759963
225791
843987
437838
926394
1056281
1142517
503328
429764
429465
331770
344952
1160233
589170
1242031
220385
993146
324689
129872
634339
367156
138828
196463
697000
7851
1096768
695921
856106
514714
1222671
495719
94866
415391
167054
141029
862282
238300
290374
875601
330649
579425
363925
1030963
742575
1179491
458643
108658
272634
220412
1052042
452006
134952
1143151
1047244
706172
1039079
1153728
431048
58281
770761
764551
1046367
223545
847387
1102886
567941
242143
367944
408672
869949
876187
646530
325055
1161185
657763
805386
468967
287062
653522
1040357
389477
235803
975966
974420
967126
139873
1007664
884856
1056494
139282
871146
431107
1070892
955354
25747
1247215
902785
1084666
533527
1189563
374823
852253
1008856
514918
1177441
1197639
678405
540037
495457
94228
1228750
891607
254146
599090
160859
1209954
1234048
1107826
1057796
380193
1018719
818850
564449
950773
390083
1050389
259101
1276361
1193201
164288
427821
1098750
303089
384497
57334
327535
325017
785407
862073
1031216
33084
1076507
801581
311450
76590
756773
1132801
479242
965391
1118883
1070517
968485
481610
624504
342225
763467
1083964
469188
1047963
564670
565166
151916
1058708
689459
268751
872156
454402
891406
435697
436002
996324
535853
242792
967873
467719
885690
144181
1069667
993878
1149939
993561
471987
333917
306773
1115211
455523
1073584
440062
126295
1058646
207809
523960
1094145
329325
568244
394272
1240995
127512
659399
1217877
700423
701668
1041825
608344
155812
675163
109502
172828
820456
1229590
70655
734030
957148
247015
846972
358115
906373
364117
406364
482142
947506
1229709
316194
495285
275716
468339
986644
197570
274456
967073
227941
641885
1022188
283573
277106
80636
550402
133153
1124057
1096580
489880
40692
556123
351146
1100711
981419
307425
616076
697096
1040316
1112663
1017662
840164
191700
1223596
460810
699353
276201
293575
1087868
257990
1011744
500847
1079500
1115361
168743
789350
960132
853021
1076606
134303
20499
250986
1108964
468760
438558
837614
439725
30320
454446
449485
570698
134440
833516
586412
517369
209474
1248324
1054949
297184
645279
53300
469839
998995
12409
183771
654690
837725
1082092
745551
1037401
1091632
370454
490102
811115
835998
374677
247524
165425
587631
343340
727855
1143870
907241
1011154
237928
791264
347135
1196506
1105709
161665
617107
133609
207997
981684
75113
315360
390362
546199
595960
485681
1169364
395872
261170
865896
1270799
441186
553983
925275
1212776
680454
334318
161642
256487
120584
985490
1251870
204335
715008
34495
1096199
1064687
1274539
171746
1096785
59992
873963
760055
531747
1142045
326594
811961
23604
1039911
297947
529129
579448
590409
143781
805346
386778
928411
1125256
178029
1130869
886506
470506
783820
290830
57498
968125
708384
987633
742150
906405
1219511
264335
334658
935955
688358
138949
1019278
1164678
252876
779510
262817
1034485
989228
875372
1163672
1076311
884753
428985
113107
736918
1044975
115238
117840
961705
1098475
616823
220473
159557
510185
400181
696762
1163810
251149
115791
297824
296832
641886
1023000
35370
375139
563976
660334
629425
704078
697429
646710
863604
869544
551348
1235858
1265942
864545
978601
304191
1084758
338231
243336
280912
1280567
869398
566814
804845
53229
662391
697914
1088585
697832
54396
458921
662285
39123
314356
78852
203723
1054256
448006
899898
785113
437980
149124
1211782
1137152
1277322
1007534
259680
924854
6679
1123413
1058266
348721
143693
1184228
48424
775253
864106
1042321
1107435
1104727
975759
620997
248457
1003986
398050
155861
769079
533912
418435
600192
599989
78252
528985
349014
808222
1100816
1017967
326504
444043
2422
112003
727289
400381
21745
313810
764273
727128
137577
1229493
374129
1070705
437816
192772
989816
202938
1132990
54226
772184
295747
3504
478797
157676
400250
1229924
832633
469323
799444
1047285
55387
1045892
516524
288413
1005916
676377
592681
1163758
824702
138957
827891
927301
962239
1029882
1248898
1267708
82922
1263594
189001
455216
460734
208513
915645
384301
481564
252526
447634
296613
357726
683364
113539
198382
424698
446002
237247
707092
218428
1082053
324583
905852
674750
625991
897124
222798
1038426
778798
598776
126152
261331
835936
667189
259033
781891
356977
480946
1201043
792468
645469
726280
1018383
957052
230816
830706
1036450
172855
748510
839906
234650
137447
944215
10763
263100
23065
1163872
486254
105913
872824
487672
869933
442478
1218932
529249
1147964
693986
767954
557348
144481
230583
520709
685599
935327
256076
112293
800801
73448
304416
1200980
106000
599694
657616
1172365
138014
296959
1261161
1169348
452670
935486
822991
834956
1068001
1126666
721573
766158
321428
1032049
271992
791298
161144
938206
155115
365730
1069370
54976
369479
973901
1002616
487637
980989
727948
687616
1159647
938778
255780
794725
848935
49859
487257
783353
1034357
901047
261803
226695
676513
324832
212991
66805
226979
542433
657350
715951
1071039
149570
1187653
1008069
1163128
525461
707869
584304
912184
1171618
799073
46043
774881
1180819
520019
808776
31751
1164071
236590
1007738
546467
386514
366918
691646
1060982
842434
1034171
804975
47920
943879
1253229
35287
839981
1092051
72394
1151025
599188
848181
370128
108438
1129127
390014
377868
855919
739948
489601
648093
642853
354504
