165829
1167032
1128373
94869
1028012
754740
655850
667069
829447
909037
723001
215629
534192
517178
504894
1067367
644039
760744
1202808
797942
153661
595581
1163270
148690
596612
509740
1150872
377426
34509
666639
854984
95318
895409
48149
303238
1111894
949461
745676
1139347
390932
291517
268894
843627
236238
252184
1058254
687755
1164264
1233526
965922
138368
412208
1226481
39260
527498
631018
72099
760625
999821
1091767
639754
967079
1179420
153364
4537
822421
365985
377374
625380
203663
883444
861157
175145
597453
500017
666194
359192
358834
784884
86240
397347
105665
558789
151151
281783
109055
840437
732709
1115406
612143
23333
562588
107872
38171
1008155
1193162
1198046
956276
871551
1232963
678448
546724
225278
1246130
86317
426217
1072110
567448
670893
150564
1019904
966950
31634
882467
592025
334239
870931
237460
155074
225441
944317
318082
377521
850704
1163674
568529
542418
23489
967101
1257797
991584
417984
826162
884982
988054
843121
33248
832580
319613
327629
919120
250272
1142208
1052566
185243
1081036
657252
782305
136968
174206
704484
855743
924949
418440
1162258
767715
239703
1043866
798939
514493
1119929
1134523
1191477
740774
154547
502917
812059
875415
473555
1192357
1143473
78700
1269764
980435
416872
645474
367625
1066481
1008289
437367
228700
137940
63641
49868
357525
1239338
1029015
552008
716246
370693
451982
797122
774252
1234335
1211731
1016276
266869
1278913
1136102
924476
415190
922069
1070959
1244907
1037358
540417
589379
556311
523200
149448
95652
462020
217383
1148281
906924
51799
794285
863578
979751
911714
286430
64842
649522
700886
369807
632264
234817
837927
1225867
1119132
166186
453787
551526
718896
1200838
620980
425009
921375
713439
1139842
707309
827250
299588
1238602
1172196
1037273
879831
975401
1189766
1067491
1223986
1160099
770300
1179427
389871
745040
777726
30090
971942
1052182
605100
866111
718482
1116601
547318
64587
547283
251000
244578
718751
569439
968801
930838
176083
1004074
951797
1227226
813048
644830
1146975
642073
311490
1148305
189015
683593
157973
86450
1153841
864146
1208107
1138786
36571
511506
746524
1234154
68358
602168
531153
319077
104483
784475
747289
50502
603668
675255
386138
1228545
547501
331733
974695
157224
393070
85770
1086175
1253676
1238572
232276
1191442
916205
138927
238732
110051
475416
1050111
459354
846337
323425
412765
631524
1278055
779990
1152990
813351
312584
916043
276207
605219
244983
1095226
351763
178506
1121645
172521
583820
989431
280553
1247243
77405
1066612
408884
256407
1128809
255128
1163529
1275688
242909
241078
171723
900202
613532
123583
600125
1045768
1273296
213284
936861
885431
1093731
355215
293549
846451
10387
1044985
958514
1110328
649713
924764
1072689
853990
900379
855492
1160308
885334
1177932
970426
1169582
902480
107649
1157042
607506
788272
990121
188406
997710
19349
218406
420003
705215
948521
445033
26016
66225
876002
1081469
109001
1212463
372434
769032
675303
233754
173882
432574
179376
460729
1209999
788040
294539
160223
1048890
726538
1198252
613841
600694
465552
390006
1127690
1174881
27201
16277
1229471
717677
218753
849480
210148
72519
639328
1087008
24967
703668
518743
789776
925125
1144667
760266
720228
285597
935403
1122085
138826
1210707
1194556
1077996
226275
21431
792750
603130
448593
773938
876824
847994
1047015
766345
506536
93945
291464
124590
951951
274067
79531
113748
228213
631397
1027430
242799
331427
343418
689115
904135
117146
897729
791643
664948
28488
1148768
644283
137079
146777
609360
633252
885589
438887
875924
1087436
447808
344348
898601
394185
949196
1202596
321317
266915
1132824
405286
443389
360972
1218408
1088415
912365
1198382
531615
127543
375821
493454
113159
939011
98771
563189
353018
664751
450582
141315
568652
718609
1200692
923688
190742
836739
520348
751098
47966
651914
263754
474588
697686
285727
1114603
248998
1243786
1245532
426583
1134441
704785
174913
25363
716220
789021
195576
628038
450426
657135
434972
894809
140003
78019
325825
558128
608064
464667
288846
982404
711268
1188085
339069
138603
538120
590171
1219069
871877
1201094
827217
484739
934111
355954
1106633
802993
246974
742517
40890
905892
802767
698772
311197
907733
877458
19079
597362
432995
607006
1020650
1234646
580510
471112
871129
1116866
466797
264736
134471
859173
403078
1241383
488284
567916
541825
1246213
666732
358903
521596
183945
603722
637886
897210
1168767
197763
469745
334069
887686
696964
807435
1016687
158554
195221
536252
744312
145367
32952
538729
638835
979943
422473
1056090
854775
813942
177654
125125
617074
5901
744905
497229
946034
1228362
915181
1158621
654798
760546
181691
390725
1017084
695378
533492
511708
983763
1072229
1082720
586389
1133507
575803
746648
68007
611730
743055
201052
446775
531000
1223817
716093
170801
1221673
742116
220660
46384
1238880
216851
583165
326739
450726
364551
234922
232693
86365
1176591
821367
471879
392015
230580
722845
748167
467435
309649
1174731
1225380
214464
283676
1276876
1273637
762817
66221
678734
533255
1213894
1163289
1125078
760578
165091
1118110
371347
157208
110358
51383
1249920
722688
150402
1109983
1037427
901536
749187
169423
694936
710183
1239232
589992
566307
496140
1064985
915495
1131877
1051679
924573
1006359
506492
93752
753066
590684
133863
798616
6532
1024762
316527
182663
1007189
522429
1058831
38720
1253940
478854
1280645
1156211
25388
1178349
1187614
317543
593187
1274914
898728
161835
213807
229065
1091798
967545
114773
776516
54936
929567
768480
300747
256071
238582
963525
1152775
1160329
184530
555029
633980
853298
209594
6440
1242631
196030
968069
697309
534092
914253
1055772
931822
390685
305405
220073
689882
275432
203607
866383
435373
776253
368966
1225721
212173
945516
976555
444525
1235306
898593
142768
525824
521966
1127781
1181929
275888
556721
10728
596639
1056018
687215
1081931
363804
1046309
343630
705724
616273
215039
686905
77143
837240
818600
1015217
987431
656135
939211
1056524
1042182
723756
581744
603912
975174
809933
303807
83461
442148
274228
441167
967198
764812
783921
1250580
362108
205302
673040
219858
846804
811668
1261186
1246857
256388
495092
329182
1261752
593504
457203
638873
532935
781311
130670
1279706
1138647
285407
186410
1183697
574531
304879
342418
232504
1263718
38322
216731
648797
672872
73209
427755
494217
358756
607605
244517
1010721
195881
13558
433278
874628
593995
259360
173332
570176
309309
468000
1012696
1100631
912371
66769
682003
351099
161710
352107
1049879
196262
1013377
1032738
616468
857400
945334
652609
887081
139775
1184532
390612
340542
295875
320710
292078
117983
738637
494391
361502
1118902
1207913
736509
277212
435070
497008
156729
745159
499943
427
508272
541849
103359
47470
1202261
928315
250944
765363
110595
489003
1214849
414956
2201
282862
85745
778022
663017
1272060
20261
1058364
310769
708449
1195947
666601
1079898
779262
847605
318113
44796
1131696
385842
470406
1171931
756768
241258
59577
1022052
1089918
724268
1014475
1239326
877546
545918
543231
519897
992343
927930
642176
454945
482907
492318
628789
228532
331012
1107324
218778
83710
1055339
750845
1037471
496650
770904
602184
984831
660515
1030875
939699
671691
1224693
1011547
3497
