29163578.000000000
28254537.000000000
22123214.000000000
26433810.000000000
32352607.000000000
29548483.000000000
24195896.000000000
21951812.000000000
23367098.000000000
27931434.000000000
21297476.000000000
25163551.000000000
30693215.000000000
26856345.000000000
31437435.000000000
28254537.000000000
31822718.000000000
22681075.000000000
22761642.000000000
24463568.000000000
26354947.000000000
23185065.000000000
25495978.000000000
33554102.000000000
21925074.000000000
24828158.000000000
25349330.000000000
23346429.000000000
35453736.000000000
31197864.000000000
33721542.000000000
25005341.000000000
25298490.000000000
20719989.000000000
23680193.000000000
22957748.000000000
26310113.000000000
22936611.000000000
39839765.000000000
25425617.000000000
27847872.000000000
22661694.000000000
35462958.000000000
29986410.000000000
31729102.000000000
31541276.000000000
28920951.000000000
23942685.000000000
51675829.000000000
33747079.000000000
37000620.000000000
22903875.000000000
24296649.000000000
29455579.000000000
27614782.000000000
19360178.000000000
24031979.000000000
33975912.000000000
24373954.000000000
25588510.000000000
24887514.000000000
47485128.000000000
25149849.000000000
27041615.000000000
24878107.000000000
26199808.000000000
22981913.000000000
26871470.000000000
23661732.000000000
23830904.000000000
25349046.000000000
32136195.000000000
28861454.000000000
24595165.000000000
27803213.000000000
27229593.000000000
30467121.000000000
25959043.000000000
28814574.000000000
24822045.000000000
24222236.000000000
25944093.000000000
25965045.000000000
24807214.000000000
44432870.000000000
33737642.000000000
27209809.000000000
32201503.000000000
23470303.000000000
29191727.000000000
35882685.000000000
26660752.000000000
17358576.000000000
22157478.000000000
22736444.000000000
26428871.000000000
26412048.000000000
28029803.000000000
22771124.000000000
28668404.000000000
19988151.000000000
22036722.000000000
32135650.000000000
35215349.000000000
20855594.000000000
22239330.000000000
23681405.000000000
25853582.000000000
26004441.000000000
27417349.000000000
26125349.000000000
27281360.000000000
19252760.000000000
20091404.000000000
26763874.000000000
32103897.000000000
28387409.000000000
23445728.000000000
25940602.000000000
34302057.000000000
25130870.000000000
30563903.000000000
29167028.000000000
21801829.000000000
23487684.000000000
25093971.000000000
30284491.000000000
36399769.000000000
18582181.000000000
31149493.000000000
20393236.000000000
28137555.000000000
32987029.000000000
28425078.000000000
24338521.000000000
28984918.000000000
27180805.000000000
29670227.000000000
28582021.000000000
34443770.000000000
29095447.000000000
21126751.000000000
31325237.000000000
31698928.000000000
28008763.000000000
23223937.000000000
26766859.000000000
22551121.000000000
24559425.000000000
22754777.000000000
22784763.000000000
18710641.000000000
26065945.000000000
37350990.000000000
23728323.000000000
33431639.000000000
26972578.000000000
37840642.000000000
26303916.000000000
21217959.000000000
33932251.000000000
26345787.000000000
21727919.000000000
25032234.000000000
28465784.000000000
23140283.000000000
31903774.000000000
22887564.000000000
30800199.000000000
22160699.000000000
26279800.000000000
26134708.000000000
22246688.000000000
43701456.000000000
24049371.000000000
32125802.000000000
25235456.000000000
26391904.000000000
30206667.000000000
22147233.000000000
30374645.000000000
23060916.000000000
26798680.000000000
29187865.000000000
25275249.000000000
28401457.000000000
24239922.000000000
30278967.000000000
25404676.000000000
24275703.000000000
31728123.000000000
33721820.000000000
24504125.000000000
28961776.000000000
25307118.000000000
24497517.000000000
31447259.000000000
35795901.000000000
27023691.000000000
24451758.000000000
22601795.000000000
33111184.000000000
33214446.000000000
22511275.000000000
28089309.000000000
34241013.000000000
24829856.000000000
30006334.000000000
23570492.000000000
25638444.000000000
23843432.000000000
31449752.000000000
30085773.000000000
23333170.000000000
31958299.000000000
32280351.000000000
27493342.000000000
27407634.000000000
22208035.000000000
19514086.000000000
24481885.000000000
20216320.000000000
30134844.000000000
23354387.000000000
24957435.000000000
30387818.000000000
22824077.000000000
28058963.000000000
26445772.000000000
25016661.000000000
19454643.000000000
24172554.000000000
27787083.000000000
24928621.000000000
24350085.000000000
23266109.000000000
32376662.000000000
31278259.000000000
18734658.000000000
24599851.000000000
20784652.000000000
24254348.000000000
35784601.000000000
23627219.000000000
27463827.000000000
29297442.000000000
25582347.000000000
23882148.000000000
19084707.000000000
27452831.000000000
23806858.000000000
24681514.000000000
28076939.000000000
24638222.000000000
25599280.000000000
27704047.000000000
22331385.000000000
35178774.000000000
30751009.000000000
31159733.000000000
22955613.000000000
35785441.000000000
25926845.000000000
22260279.000000000
25947416.000000000
29310606.000000000
36655682.000000000
30718197.000000000
21971753.000000000
31257147.000000000
23768233.000000000
34832236.000000000
20385677.000000000
32904307.000000000
32879904.000000000
28905274.000000000
23903988.000000000
20326196.000000000
27596659.000000000
25942389.000000000
23940890.000000000
30038749.000000000
26182550.000000000
23404560.000000000
26010784.000000000
27461027.000000000
24081826.000000000
30040996.000000000
22244158.000000000
26050409.000000000
32710844.000000000
28823014.000000000
33123364.000000000
24705560.000000000
28173874.000000000
24869168.000000000
26467759.000000000
19292609.000000000
23489808.000000000
23294911.000000000
20651423.000000000
27789889.000000000
22180481.000000000
22802120.000000000
25848358.000000000
30426648.000000000
22931438.000000000
28245792.000000000
27933341.000000000
24040677.000000000
25365398.000000000
28737113.000000000
24782682.000000000
21594804.000000000
23993620.000000000
30566500.000000000
27133270.000000000
28742807.000000000
25849755.000000000
28727681.000000000
26589697.000000000
21812723.000000000
38874162.000000000
23933649.000000000
25446149.000000000
24445829.000000000
20704285.000000000
22039872.000000000
31014120.000000000
32720467.000000000
27528653.000000000
38026793.000000000
29519120.000000000
29192304.000000000
33442475.000000000
19790823.000000000
28691971.000000000
25658971.000000000
22831084.000000000
25869668.000000000
25759268.000000000
25756807.000000000
23633998.000000000
