0.000004053
0.003335953
0.002024651
0.002466202
0.002280951
0.002500057
0.002367020
0.003058672
0.003300428
0.003895044
0.002896547
0.002699852
0.002583265
0.003027201
0.003291607
0.003148556
0.003428936
0.003081560
0.003519535
0.003713131
0.003291368
0.003240347
0.002990246
0.002892494
0.002824783
0.003091097
0.002963066
0.003166199
0.002995253
0.002683878
0.002629042
0.003026009
0.004141331
0.003476381
0.003005505
0.003262043
0.003411293
0.003652811
0.003660917
0.003386259
0.003200531
0.003676414
0.003175497
0.002861261
0.002445936
0.002668858
0.003434658
0.003397942
0.006660700
0.003058910
0.003275633
0.003915071
0.004335403
0.004081011
0.003140211
0.003066540
0.002749443
0.002724886
0.002758741
0.003168106
0.003017187
0.002690315
0.002579927
0.003027201
0.005492687
0.002914906
0.002971411
0.002848387
0.002924919
0.003060102
0.002739191
0.002420664
0.003041983
0.003365040
0.003091335
0.003009558
0.002633572
0.002581358
0.003165960
0.003265142
0.007306099
0.003071547
0.003382444
0.003450155
0.002773046
0.002707481
0.003026724
0.003033161
0.002829790
0.002699614
0.002782822
0.003879786
0.003830194
0.002916336
0.002536058
0.002682209
0.003450394
0.002753735
0.002742529
0.003108740
0.003096819
0.002848148
0.002791643
0.002700329
0.002891302
0.003213882
0.003088951
0.002842665
0.002349615
0.005668879
0.002835274
0.002875805
0.003072262
0.002619505
0.002691269
0.003464222
0.003222942
0.003184080
0.002994537
0.002784967
0.002480507
0.002864599
0.002968550
0.003315449
0.003111601
0.002772331
0.002531528
0.002858162
0.004901409
0.002639055
0.002090216
0.002050638
0.001981258
0.001953363
0.001920938
0.001895189
0.001841784
0.001827478
0.001868010
0.001596689
0.001776218
0.001763821
0.001754284
0.001777887
0.003295898
0.003073692
0.002458334
0.002098560
0.001983166
0.001953125
0.001917601
0.001881599
0.001874447
0.001865149
0.001853228
0.001577139
0.001776457
0.001760721
0.001758337
0.001743555
0.003777981
0.002573252
0.002102375
0.002062082
0.002025127
0.001991987
0.001934052
0.001872301
0.001876354
0.001826286
0.001814127
0.001568794
0.001778126
0.001765013
0.001743793
0.001742840
0.004900217
0.002866268
0.002040386
0.002026558
0.001960278
0.001941681
0.001902103
0.001877785
0.001868010
0.001861572
0.001847982
0.001584291
0.001778603
0.001766682
0.001739264
0.001723051
0.003168344
0.002343416
0.002093315
0.002090931
0.001941204
0.001923084
0.001878738
0.001847267
0.001832008
0.001857996
0.001787186
0.001559019
0.001760483
0.001746416
0.001738787
0.001745701
0.007996082
0.002593517
0.002092600
0.002282619
0.001989126
0.001979351
0.001929045
0.002139807
0.001831770
0.001810789
0.001787186
0.001575470
0.001780272
0.001757383
0.001744986
0.001749039
0.007055521
0.003236532
0.002090454
0.002083540
0.002017260
0.002210379
0.001960993
0.002007961
0.001852036
0.001961231
0.001814604
0.001588106
0.001789570
0.001773834
0.001751900
0.001734972
0.005221844
0.003352880
0.003571749
0.002939224
0.003067017
0.002623558
0.003407478
0.003038883
0.003008366
0.003160715
0.002460480
0.002857924
0.002979994
0.003174305
0.002995729
0.002634048
0.003482342
0.003180742
0.002889633
0.002520323
0.002472639
0.003427029
0.003630877
0.003199339
0.003235340
0.002924204
0.002604246
0.002554655
0.002861977
0.003170967
0.002920389
0.002549887
0.003104687
0.003676891
0.003273964
0.002921104
0.002358198
0.002779007
0.003387451
0.003393412
0.003226995
0.003203154
0.003108025
0.002870798
0.002276897
0.002651215
0.003350496
0.003349781
0.006381273
0.002767563
0.002429485
0.002962589
0.003420353
0.003186941
0.003227234
0.003190517
0.003140211
0.002756596
0.002538204
0.002738714
0.002978802
0.003185511
0.002959013
0.002784967
0.005862713
0.003289938
0.003111362
0.003047705
0.002728462
0.002696514
0.002881527
0.003185511
0.003111601
0.003012657
0.002723694
0.002644539
0.002646685
0.002986670
0.003160477
0.002962351
0.007951260
0.003150702
0.003338575
0.003476620
0.003649950
0.003271341
0.003083467
0.002954721
0.002687454
0.002706528
0.002865553
0.003104210
0.003011703
0.002598047
0.002538204
0.003175259
0.005083561
0.002945662
0.002129078
0.003297329
0.003203392
0.003380299
0.003611088
0.003597975
0.004065514
0.003039122
0.003082991
0.002845764
0.002417326
0.002622843
0.003353834
0.003345728
0.003088474
0.003858089
0.003237486
0.003406048
0.003638744
0.003377199
0.003161907
0.003256083
0.003030300
0.002713919
0.002619505
0.002969503
0.003005266
0.002851009
0.002768755
0.002739668
0.005799055
0.003316879
0.002576113
0.002687931
0.003212929
0.003404379
0.003384352
0.003629208
0.003611088
0.003362417
0.003168583
0.003089905
0.003278255
0.003188848
0.003366232
0.003593445
0.005794525
0.003445625
0.002402306
0.003248692
0.003665686
0.003190994
0.003186941
0.002980709
0.002639771
0.003040791
0.002864838
0.003315926
0.003125668
0.002583027
0.002557755
0.002993822
0.004491091
0.003412724
0.003184795
0.003269911
0.003692865
0.003679514
0.003199816
0.003181458
0.002995491
0.002796650
0.002659082
0.002710819
0.002735138
0.003128767
0.003050566
0.003029823
0.003014088
0.002699375
0.003048420
0.003242016
0.003292561
0.003180265
0.003053665
0.002755642
0.002993822
0.003401279
0.003136873
0.002909184
0.002559662
0.002508879
0.003335238
0.003499985
0.004656315
0.003405094
0.003494024
0.003443956
0.003226280
0.003190279
0.002965450
0.002845526
0.002764940
0.002764702
0.003012657
0.003043175
0.002748728
0.002526522
0.002846241
0.003182411
0.004372120
0.003624678
0.003304243
0.003381014
0.003131628
0.003022432
0.002528906
0.002763033
0.003012896
0.003113985
0.002982140
0.002822161
0.002542019
0.002733231
0.003140688
0.003156185
0.003105640
0.003037691
0.003311157
0.003688097
0.003412724
0.003073454
0.003016233
0.002757549
0.002536774
0.002779484
0.002992868
0.003242254
0.003041983
0.002989531
0.002569199
0.002654314
0.008017778
0.003128052
0.002511978
0.002947569
0.003751993
0.004021406
0.003748178
0.002804756
0.002248526
0.002630711
0.003337860
0.003337860
0.003153801
0.003146887
0.003138304
0.002980471
0.003483295
0.003687382
0.003312826
0.003060579
0.002646685
0.002521515
0.003041267
0.003173113
0.002941847
0.002631903
0.002456188
0.002842665
0.003010750
0.003206253
0.002923727
0.002558470
0.003528595
0.003137350
0.002791166
0.002435923
0.002810955
0.003346205
0.003367662
0.003141165
0.002921581
0.002748728
0.002451897
0.002551079
0.002551079
0.003159285
0.003075600
0.003047943
0.003526449
0.002577066
0.002580881
0.003471375
0.003406525
0.003209591
0.003090620
0.002894163
0.002643108
0.003217936
0.002965689
0.003005981
0.002972603
0.002486944
0.002641201
0.003154755
0.003422022
0.002437830
0.002457857
0.003086567
0.003226519
0.003041506
0.002723694
0.003596067
0.002561808
0.003135920
0.003234386
0.003389120
0.003154516
0.002714872
0.002291918
0.002853870
0.005505085
0.002781153
0.002409458
0.003236771
0.003427744
0.003402710
0.003634691
0.004346848
0.003277540
0.003050566
0.002809525
0.002430677
0.002563477
0.003365278
0.003131628
0.003105879
0.003089666
0.002570868
0.002792358
0.003454685
0.003218651
0.003104925
0.003033638
0.002676964
0.002672195
0.003167152
0.003146648
0.003112316
0.002574682
0.002545595
0.002995729
0.003142834
0.003431082
0.003149748
0.002857447
0.002843142
0.003052473
0.003279686
0.003030777
0.002588749
0.002544641
0.003145933
0.003082275
0.003216028
0.003002405
0.002664089
0.002479315
0.002874374
0.005705118
0.003286123
0.003248453
0.003308535
0.003434420
0.002599239
0.003071070
0.003010273
0.003050804
0.003041983
0.003631353
0.002869844
0.002392054
0.002664089
0.003618479
0.003383636
0.003435850
0.003214598
0.002848387
0.002837181
0.002754450
0.002866507
0.003026009
0.002819061
0.002768993
0.002744675
0.003054142
0.003253222
0.003062248
0.002790689
0.002518177
0.002860308
0.004647493
0.003474236
0.003245115
0.002738476
0.002550840
0.002886057
0.003177881
0.003314257
0.003189802
0.003002644
0.002753735
0.002696037
0.002708197
0.002981186
0.003232718
0.003160000
0.008920193
0.003353596
0.003934145
0.003998995
0.003222466
0.003203392
0.002999783
0.002856731
0.003428698
0.003461361
0.002676487
0.004008770
0.002865791
0.002624750
0.002931356
0.002879858
0.003085613
0.002758980
0.002905607
0.002600670
0.002526045
0.003204584
0.003413439
0.003553629
0.003075123
0.003080130
0.003015518
0.002840281
0.002558470
0.002727270
0.003124237
0.003168344
0.006649971
0.003234625
0.003376722
0.003248453
0.002892971
0.002574444
0.002652884
0.003197670
0.003194094
0.003180742
0.003079891
0.002882481
0.002475739
0.002650261
0.003351688
0.003358364
0.007219315
0.003445387
0.003028631
0.002955437
0.002547264
0.002557755
0.003396988
0.003443480
0.003400803
0.003010750
0.003214359
0.003152847
0.002873898
0.002447844
0.002582788
0.003605366
0.003506660
0.003150463
0.002656698
0.002516270
0.003037930
0.003425598
0.003617764
0.003178835
0.003012896
0.002681017
0.002188683
0.002753019
0.003378868
0.003360510
0.003360033
0.003273249
0.003164530
0.002064228
0.002432585
0.002646685
0.002465248
0.003034353
0.003384113
0.003201962
0.003138304
0.002879620
0.002570629
0.002597809
0.002877474
0.003159761
0.003002167
0.002756119
0.002879143
0.003437519
0.003503799
0.003708839
0.003223181
0.003106356
0.002980471
0.002578974
0.002543926
0.003117323
0.003257513
0.003201962
0.003155231
0.002692223
0.002634287
0.002879143
0.006436110
0.003510714
0.003270149
0.003660679
0.004362583
0.003163815
0.003928423
0.003150702
0.002824068
0.002454281
0.002627850
0.003360033
0.003004074
0.002939224
0.003322363
0.002614260
0.004798412
0.003398895
0.003242254
0.002948046
0.002468824
0.002521038
0.003390551
0.003184080
0.003243208
0.003197193
0.002976656
0.002816439
0.002242327
0.002652168
0.003615856
0.003406286
0.003568172
0.003073931
0.002664328
0.002816439
0.003142595
0.003327370
0.003130913
0.003466606
0.003221512
0.002954483
0.002606869
0.002504110
0.002910852
0.003180981
0.003201962
0.003031731
0.005521774
0.003911495
0.003327608
0.003096819
0.002951145
0.002594233
0.002979040
0.003657579
0.003687859
0.003092289
0.003062010
0.002896786
0.002526999
0.002613783
0.003422260
0.003217936
0.007640362
0.003580093
0.003770590
0.002605200
0.002746344
0.003224134
0.003228903
0.003382683
0.002892971
0.003083706
0.002524376
0.002901077
0.003110647
0.003087759
0.002755404
0.002537251
0.003542423
0.003969431
0.003229141
0.003222942
0.003115177
0.002682924
0.002605438
0.002908707
0.003235579
0.003200531
0.003143311
0.002918959
0.002448082
0.002532959
0.003426790
0.003245592
0.009040594
0.003067255
0.002687216
0.002506495
0.003112793
0.003041744
0.003259182
0.003103018
0.002630949
0.002637863
0.002922297
0.003552437
0.003283501
0.003073454
0.002808571
0.002365351
0.006656885
0.003198147
0.004112720
0.003236771
0.003439665
0.004395247
0.003237247
0.003195286
0.003264427
0.003107309
0.002856493
0.002774239
0.002619505
0.003054142
0.003173351
0.003584862
0.004137278
0.003671169
0.003473282
0.003302813
0.002982855
0.002568960
0.002614737
0.002944946
0.003098488
0.003298521
0.003158808
0.002921581
0.002367973
0.002624273
0.003426075
0.003421307
0.006140709
0.003431320
0.003439665
0.003989935
0.002782345
0.002376080
0.002704144
0.003401279
0.003412008
0.003242493
0.003146648
0.003207445
0.002913237
0.002584696
0.002620697
0.003232479
0.006909132
0.003604650
0.003038645
0.003642797
0.002844572
0.002500534
0.002478600
0.003398418
0.004091740
0.003191710
0.003176212
0.002923250
0.002594233
0.002447844
0.003055573
0.003403425
0.008636236
0.003486395
0.004605055
0.003279924
0.003266573
0.004531384
0.003217697
0.002905846
0.002489567
0.002608299
0.003031015
0.003433704
0.003084183
0.002979040
0.002677917
0.002612829
0.004893541
0.003240347
0.003006220
0.002615690
0.002879381
0.003262281
0.003190756
0.003059149
0.002820015
0.002743244
0.002982616
0.003246307
0.004051685
0.003259659
0.003992081
0.003443718
0.003533125
0.004006863
0.003198624
0.003156185
0.003174305
0.002885103
0.002789021
0.002707005
0.003109932
0.003296852
0.003142595
0.002963305
0.002596617
0.002557278
0.003210783
0.003473759
0.005664825
0.002659559
0.002402544
0.002986431
0.003156185
0.003849506
0.003265858
0.003211975
0.003208637
0.003198385
0.003201485
0.003205299
0.003217697
0.003211021
0.003212929
0.003210306
0.003106833
0.002627611
0.002521038
0.003268242
0.003478050
0.003253698
0.003303528
0.003101349
0.002763271
0.002562284
0.002800465
0.003075123
0.002967119
0.002619982
0.002696276
0.002920866
0.006689072
0.003171682
0.004384995
0.004179478
0.003907919
0.003273964
0.003267527
0.003135681
0.003074646
0.002808571
0.002702236
0.002856970
0.003193378
0.003069639
0.002809286
0.002627134
0.005941629
0.002870321
0.002529621
0.003291607
0.003466368
0.003825426
0.003958464
0.003196239
0.002933264
0.002520323
0.002579212
0.003244877
0.003282070
0.003047705
0.003244162
0.002375364
0.002791405
0.002491713
0.002257824
0.002921343
0.002990961
0.002517223
0.002517700
0.003211737
0.003397942
0.003206968
0.003161669
0.003206015
0.002807856
0.003124714
0.003074169
0.003067970
0.003129959
0.003497362
0.003518581
0.003052235
0.003313780
0.003282070
0.003226519
0.002884150
0.002605677
0.002748489
0.003076553
0.003422976
0.003220558
0.002684593
0.002537966
0.002762794
0.009659529
0.003530741
0.003443956
0.003176928
0.003220797
0.003125668
0.003358364
0.002911091
0.002599001
0.003224611
0.003231287
0.003472567
0.003233910
0.002938271
0.003080845
0.002627373
0.009175062
0.003431559
0.003983021
0.003827333
0.003990650
0.003207445
0.002897501
0.002512932
0.002514124
0.003393888
0.003195763
0.003236771
0.003025293
0.002779961
0.002588511
0.002861738
0.007223845
0.004197121
0.003068686
0.003126621
0.003112793
0.002860308
0.002509594
0.002747536
0.003452301
0.003222942
0.003218174
0.003132582
0.002832174
0.002516270
0.002711773
0.003214598
0.003540516
0.003290653
0.002993107
0.002775669
0.002783060
0.003103971
0.003419399
0.003001213
0.002644062
0.002763033
0.002981424
0.003380537
0.003194094
0.002873182
0.002478600
0.002720833
0.006688595
0.005470276
0.004555464
0.002977133
0.002792358
0.002589226
0.002714157
0.003434658
0.003414869
0.003150702
0.003065348
0.002887011
0.002467155
0.002591848
0.003426790
0.003423214
0.003602982
0.003702402
0.003369808
0.002948046
0.002523422
0.002542973
0.003453493
0.003439903
0.003301382
0.003035545
0.003071785
0.002886772
0.002540588
0.003488541
0.003093243
0.003000975
0.003185511
0.003511429
0.003322840
0.003505468
0.003735542
0.003448725
0.003219604
0.003315449
0.003065348
0.002819061
0.002654314
0.002814531
0.003092289
0.003053904
0.002916098
0.002589941
0.005515575
0.002449512
0.002523661
0.003548145
0.003872633
0.003422499
0.004432440
0.003231764
0.003252983
0.003066063
0.002818346
0.002841949
0.002832651
0.002810240
0.002928972
0.003262997
0.007549763
0.003030300
0.004391193
0.003692627
0.003115654
0.003263950
0.003085852
0.002796888
0.002660275
0.003014326
0.003102779
0.003447771
0.003216267
0.003681660
0.002905846
0.002735853
0.006755829
0.003145695
0.003221273
0.004620314
0.003699780
0.003759384
0.002939939
0.002600193
0.002697945
0.003186703
0.003225565
0.003186703
0.002833366
0.002481937
0.002592802
0.003414154
0.003994942
0.003599882
0.003390789
0.002997637
0.002673149
0.002507687
0.003095150
0.003440857
0.003166437
0.002979279
0.002684116
0.002662420
0.002705336
0.002910137
0.003352642
0.003096342
0.003495693
0.003161192
0.002743244
0.002581358
0.003121853
0.003286600
0.003265381
0.003028870
0.002665758
0.002553463
0.002814293
0.003178596
0.003107309
0.003048897
0.002823591
0.002632856
0.003525496
0.003884792
0.003555536
0.003296614
0.002843380
0.002420902
0.002778769
0.003424883
0.003269672
0.003293514
0.003052950
0.002812862
0.002524376
0.002800941
0.003179073
0.003243208
0.003182173
0.003800631
0.003369093
0.002982140
0.002473831
0.002666473
0.003462315
0.003429890
0.003235340
0.003009558
0.003018379
0.002783298
0.002312899
0.002693176
0.003395319
0.003685236
0.006946325
0.003477812
0.003455639
0.003268242
0.003267050
0.003094673
0.004051208
0.002845287
0.002370119
0.002627373
0.003386974
0.003679037
0.003191710
0.003002405
0.002678871
0.002870560
0.004658461
0.003597260
0.003353834
0.003009796
0.002655268
0.002597570
0.003276348
0.003262997
0.003198385
0.002948046
0.002677202
0.002604246
0.002902031
0.003235340
0.003064871
0.002743959
0.006662369
0.003447533
0.002858400
0.002565384
0.002733231
0.003232241
0.003393888
0.003045797
0.003493309
0.003258228
0.002949238
0.002614260
0.002903461
0.003203630
0.003348827
0.003080845
0.005125523
0.002814531
0.004088879
0.003139973
0.003268957
0.003264666
0.003118038
0.002802134
0.002473354
0.002922058
0.003197670
0.003395557
0.003135920
0.002829790
0.002703667
0.002820969
0.003226280
0.002738714
0.002907276
0.003312349
0.003355742
0.003120899
0.002826452
0.002578497
0.002844334
0.003060102
0.003012657
0.003092527
0.002814531
0.002372265
0.003435135
0.003255606
0.009136677
0.003896952
0.003177404
0.003652096
0.002956390
0.003228664
0.002653122
0.003875732
0.003101110
0.002461910
0.002441883
0.003581524
0.003020048
0.003221989
0.003167629
0.002904177
0.003514528
0.003930092
0.003430843
0.003224850
0.002963781
0.002546787
0.002721071
0.003250360
0.003375292
0.003056526
0.003022194
0.002837896
0.002460241
0.002680063
0.003386021
0.003421783
0.004646301
0.003527641
0.003301859
0.002898693
0.002597809
0.002534866
0.003364325
0.003336906
0.003199339
0.002935886
0.002813339
0.002594471
0.002575159
0.003042459
0.003102779
0.003062010
