0.000005245
0.008185863
0.009670734
0.004541636
0.002928734
0.005864143
0.003433228
0.003082752
0.003083229
0.007987022
0.004058838
0.007399321
0.007027388
0.007093430
0.003036976
0.003441572
0.008996487
0.003377676
0.005394936
0.003515005
0.005208492
0.005347967
0.006435633
0.008337259
0.005235195
0.006937742
0.003417015
0.004657269
0.003720045
0.007509232
0.010645151
0.003242731
0.005587578
0.007628441
0.005639553
0.005855560
0.003518581
0.003058672
0.005440712
0.005389214
0.005470276
0.003686428
0.005242348
0.003131390
0.010180950
0.003569603
0.005367994
0.003111124
0.004525661
0.007649660
0.004763126
0.003522635
0.005480766
0.003489733
0.004735231
0.004776001
0.003326893
0.003439903
0.003504515
0.002746344
0.005496264
0.006243706
0.006929398
0.003135920
0.009980917
0.003538370
0.004844666
0.002817154
0.003088474
0.003129721
0.003499508
0.009942532
0.003484249
0.004748583
0.002851486
0.003405094
0.003097773
0.004713774
0.008819580
0.004721642
0.003527403
0.004647732
0.004474163
0.003513336
0.002845287
0.009522438
0.006744623
0.009688139
0.007096529
0.007089615
