0.000009298
0.002561092
0.001771450
0.001773596
0.002206087
0.002040625
0.002936363
0.002943993
0.002727985
0.002290964
0.002473354
0.003614902
0.003172398
0.003027439
0.002738476
0.002511263
0.004193544
0.003062010
0.002863169
0.002418280
0.003688574
0.003341198
0.003188610
0.002786875
0.002291679
0.002951622
0.003158331
0.003340483
0.003129721
0.002990246
0.002804041
0.002663136
0.006048441
0.002609015
0.002530098
0.002325773
0.003189087
0.003391981
0.003329992
0.003041744
0.003098249
0.002992392
0.002402782
0.002558231
0.002866268
0.003168344
0.003057957
0.002734900
0.003051519
0.003669977
0.003165722
0.002816677
0.002425671
0.002782345
0.007106066
0.003184557
0.003186941
0.003392458
0.003628731
0.003362894
0.003187180
0.003027916
0.002770901
0.002687216
0.003487110
0.003663540
0.003225088
0.003167152
0.002751827
0.002318144
0.002746820
0.003358841
0.003183842
0.003013611
0.003046751
0.002856731
0.002462864
0.002484322
0.003156900
0.003280640
0.004648209
0.003468752
0.003120899
0.003196478
0.003172398
0.003138542
0.003137112
0.003130198
0.003150940
0.003346682
0.003616333
0.003354073
0.003182411
0.003028154
0.002739906
0.002592325
0.003225088
0.002485275
0.002081394
0.002073765
0.002066374
0.001970768
0.001868963
0.001869917
0.001904726
0.001847029
0.001880646
0.001531839
0.001804829
0.001768351
0.001742601
0.001724005
0.003711224
0.002819538
0.002281666
0.002044916
0.002034903
0.002007484
0.001894236
0.001861572
0.001872778
0.001888037
0.001866341
0.001577854
0.001756191
0.001761913
0.001732349
0.001724482
0.003477335
0.003087997
0.002747774
0.002490520
0.002773762
0.003182173
0.003193617
0.002918720
0.002633333
0.002482176
0.002751112
0.003099203
0.002996206
0.002632141
0.002473116
0.002872467
0.006176949
0.003104687
0.002854586
0.002784014
0.002437592
0.002758741
0.003163338
0.003169060
0.003036261
0.002762556
0.002418995
0.002717495
0.002904415
0.003388405
0.003607035
0.003604412
0.003460407
0.002871275
0.002460957
0.002705336
0.003204823
0.003244638
0.003027916
0.002712011
0.002469301
0.002844095
0.003225088
0.003125191
0.002823830
0.002369165
0.002463341
0.003355026
0.003389120
0.003627062
0.003307104
0.003174305
0.003059387
0.002786636
0.002337933
0.002503633
0.003356934
0.003370047
0.003192186
0.003352165
0.003145695
0.002926111
0.002645969
0.002358198
0.007043123
0.003057957
0.003113508
0.003221750
0.003169298
0.003158331
0.003368616
0.007583618
0.002927065
0.002929449
0.002562523
0.002687454
0.002711296
0.002761841
0.003024101
0.003183126
0.006860733
0.002974987
0.002611160
0.002370358
0.002877951
0.003415108
0.003311396
0.002962112
0.002928972
0.002870798
0.002991199
0.003163815
0.003170252
0.002874613
0.002439499
0.003643513
0.004257679
0.003319979
0.003265381
0.003432989
0.003637075
0.003377438
0.003176928
0.003024340
0.002815008
0.002584696
0.002572060
0.003186941
0.003008127
0.002743959
0.002498627
0.002892256
0.004693508
0.003117800
0.003125906
0.003357410
0.003052473
0.002747774
0.002428532
0.002738953
0.003137350
0.003287554
0.003131628
0.002835989
0.002411842
0.002415657
0.002955437
0.003372669
0.002862692
0.002328157
0.002992153
0.003473520
0.003429890
0.003250122
0.002923727
0.002595901
0.002547741
0.002923012
0.002977848
0.002837181
0.002410650
0.002535820
0.003357172
0.003121614
0.003002167
0.002291679
0.002442122
0.003205776
0.003662586
0.003381729
0.003232241
0.002935410
0.002852917
0.002804518
0.002685070
0.002604961
0.002657652
0.002725840
0.003087997
0.003089428
0.004070282
0.003540993
0.003237247
0.003172636
0.002877951
0.002457380
0.002384663
0.003151178
0.003162861
0.003306866
0.003158569
0.002859831
0.002623558
0.002395153
0.002852201
0.003161430
0.004829645
0.002230406
0.001984119
0.002667665
0.003001451
0.002748013
0.002170563
0.002637625
0.003182411
0.003134966
0.002976179
0.002967358
0.002631426
0.002440453
0.002962351
0.003223419
0.003525496
0.002420187
0.002413511
0.003259897
0.003678083
0.003176451
0.003197908
0.003059387
0.002757549
0.002684116
0.002742767
0.003010273
0.002818108
0.002582312
0.002584696
0.003004313
0.005388260
0.003387690
0.002971649
0.003351927
0.003235817
0.002907276
0.002483368
0.002486706
0.003156900
0.003160954
0.003021479
0.003143549
0.003165960
0.003001928
0.003195286
0.003174543
0.004209757
0.003128052
0.002856255
0.002383471
0.002618313
0.003385305
0.003345966
0.003211975
0.003183365
0.003161669
0.003152847
0.003153086
0.003127575
0.003355742
0.003602266
0.003509998
0.003104448
0.002609730
0.002351522
0.003197670
0.003389120
0.003301859
0.003219366
0.003145933
0.002873898
0.002269268
0.002823830
0.003347635
0.003336668
0.003161907
0.002634048
0.002578974
0.004122019
0.004672289
0.002612591
0.002612352
0.003397942
0.003656626
0.003625393
0.003622770
0.003631115
0.003623724
0.003333807
0.003603935
0.003354311
0.003629684
0.003617048
0.003609180
0.005323887
0.003261328
0.002597809
0.002544165
0.003211975
0.003380060
0.003607750
0.003618240
0.003611326
0.003606558
0.003368139
0.003623486
0.003374338
0.003633976
0.003648758
0.003631592
0.004513264
0.003394842
0.003131628
0.002540827
0.002537489
0.003419638
0.003648520
0.003379822
0.003632784
0.003620625
0.003353596
0.003611803
0.003362656
0.003651619
0.003608704
0.003628969
0.004477024
0.003394127
0.003124714
0.003418922
0.003673077
0.003646612
0.003370285
0.003343582
0.003623724
0.003340721
0.003316164
0.003608704
0.003309011
0.003607273
0.003589392
0.003633738
0.003099203
0.002861977
0.002707243
0.003080130
0.003401756
0.003366709
0.003376722
0.003349304
0.003640890
0.003321409
0.003597736
0.003629446
0.003153801
0.003623247
0.003594160
0.003638506
0.003665209
0.005498171
0.002985954
0.002777576
0.002971172
0.003273010
0.003526211
0.003482580
0.003790140
0.003480673
0.003248692
0.003676653
0.003213882
0.003683805
0.003658772
0.003690004
0.006271124
0.003440619
0.002958536
0.002436399
0.002932787
0.003436565
0.003432512
0.003409863
0.003193617
0.002649784
0.002517462
0.003185987
0.003200054
0.003661394
0.003385067
0.003670216
0.004159212
0.003050327
0.003016710
0.003466129
0.003441095
0.003672361
0.003411293
0.003668070
0.003415108
0.003636360
0.003428698
0.003659725
0.003431082
0.003652573
0.003427744
0.003441572
0.007191181
0.002659321
0.002742290
0.003329277
0.003247261
0.002766609
0.002475262
0.003069878
0.003680468
0.003420115
0.003546238
0.003216982
0.003401518
0.003685236
0.003677845
0.003682137
0.004729509
0.003535986
0.003298283
0.002936363
0.002453566
0.002922535
0.003654480
0.003666639
0.003408670
0.003653765
0.003380775
0.003613710
0.003367662
0.003605366
0.003394127
0.003366232
0.003623486
0.003216505
0.003068209
0.002857208
0.002966642
0.003083706
0.003214598
0.003223658
0.003206491
0.003218651
0.003194094
0.003662825
0.003387451
0.003664970
0.003404856
0.003665447
0.006447315
0.003172874
0.002562761
0.002584457
0.003430367
0.003706217
0.003662109
0.003687143
0.003672361
0.003434420
0.003392935
0.003655910
0.003211975
0.003421545
0.003635883
0.003686428
0.006660700
0.002614021
0.002607584
0.003257275
0.003254414
0.002723694
0.002372503
0.003063440
0.003441095
0.003436804
0.003203392
0.002870560
0.002307415
0.002912760
0.003426313
0.003397942
0.007096291
0.003151417
0.002682447
0.002292871
0.002959013
0.003260374
0.002814293
0.002492428
0.003052235
0.003675938
0.003191233
0.003672838
0.003192186
0.003414631
0.003421783
0.003697872
0.003566265
0.003157616
0.002562284
0.002687454
0.003253698
0.003248453
0.002752304
0.002345085
0.003185749
0.003622532
0.003390312
0.003647804
0.003415346
0.003686428
0.003429890
0.003682137
0.009937286
0.002959013
0.003345490
0.003476620
0.003512621
0.003444910
0.003430605
0.003234625
0.002732038
0.002518892
0.003034115
0.003679037
0.003434658
0.003693342
0.003399611
0.003417015
0.003419638
0.003242970
0.003347397
0.003509998
0.003424168
0.003234863
0.002772093
0.002543211
0.003067493
0.003436565
0.003419399
0.003656864
0.003187656
0.003687620
0.006671429
0.002835512
0.005837202
0.003458500
0.003345966
0.003261805
0.002870798
0.002478361
0.002905369
0.003684044
0.003677368
0.003411770
0.003382444
0.003658056
0.003422260
0.003654480
0.003424168
0.003686190
0.004184723
0.002940893
0.002931595
0.003474236
0.003452301
0.003445148
0.003444910
0.003802538
0.003657818
0.003551722
0.003467798
0.003693581
0.003245831
0.003712654
0.003700495
0.003453970
0.004722834
0.003272772
0.002975225
0.002737045
0.002972603
0.003253698
0.003434420
0.003679752
0.003829956
0.002865314
0.002624035
0.002923727
0.002919197
0.003422499
0.003412962
0.003448009
0.005784273
0.002597570
0.002834320
0.003262043
0.003243208
0.002643347
0.002551794
0.003221512
0.003680944
0.003421783
0.003412962
0.003648281
0.003225088
0.003670454
0.003437281
0.003690481
0.003561258
0.002743244
0.002745628
0.003246784
0.003733635
0.003681898
0.003674030
0.003405809
0.003728151
0.003426313
0.003382921
0.003046751
0.003407001
0.003665686
0.003680944
0.003679752
0.003507137
0.003464699
0.003199577
0.003284693
0.003460407
0.003452063
0.003631830
0.003688812
0.003434181
0.003423929
0.003385305
0.003647327
0.003395081
0.003667116
0.003648281
0.003686190
0.003918648
0.002798557
0.002789974
0.003368139
0.003769159
0.003455639
0.003691912
0.003710032
0.003715992
0.003457785
0.003447771
0.003668785
0.003449917
0.003683090
0.003710747
0.003667355
0.003205299
0.002906561
0.002722025
0.002509356
0.003244400
0.003244877
0.002717257
0.002353430
0.003235102
0.003663301
0.003425360
0.003642797
0.003463745
0.003648281
0.003687382
0.003719568
0.003798008
0.003315210
0.002983332
0.002842188
0.003237486
0.003199577
0.003178120
0.003192663
0.003401756
0.003158092
0.003169060
0.003195524
0.003176451
0.003407717
0.003387451
0.003422022
0.006953955
0.003146172
0.003026009
0.002379656
0.002669573
0.003410339
0.003389597
0.003068209
0.002669096
0.002553701
0.002953768
0.003348827
0.003144026
0.003637314
0.003337145
0.003638268
0.007564545
0.002873898
0.002986670
0.003237724
0.003651142
0.003386021
0.003629684
0.003356218
0.003638506
0.003620863
0.003625154
0.003371000
0.003361702
0.003621578
0.003620625
0.003609657
0.002766132
0.002290964
0.002586603
0.002332687
0.003065348
0.002935410
0.002393246
0.002819777
0.003424883
0.003416777
0.003197432
0.002996206
0.002524853
0.002604723
0.003403425
0.003672838
0.006585836
0.003067255
0.003021717
0.003467321
0.003397465
0.003656387
0.003395796
0.003605366
0.003368378
0.003620148
0.003365517
0.003612280
0.003374338
0.003634930
0.003672600
0.003670692
0.004521847
0.003385782
0.003288984
0.002794981
0.002356291
0.002880096
0.003650427
0.003650904
0.003647327
0.003615618
0.003358364
0.003630638
0.003370523
0.003632545
0.003641605
0.003642321
0.003609896
0.003128052
0.002497911
0.002639055
0.003440380
0.005771875
0.003050566
0.003367424
0.003511906
0.003215551
0.002792835
0.002472878
0.002686501
0.003673077
0.003665924
0.003676653
0.006726503
0.003187895
0.002663612
0.002478361
0.003233671
0.003657341
0.003390551
0.003351927
0.003650904
0.003612280
0.003362179
0.003635883
0.003379583
0.003612041
0.003611803
0.003648758
0.003509283
0.003585100
0.003225327
0.002651691
0.002948523
0.003194809
0.003387451
0.003398418
0.003398895
0.003383875
0.003353357
0.003622770
0.003371477
0.003647566
0.003659248
0.003631830
0.005184174
0.002221823
0.002798319
0.002940178
0.002318621
0.003055811
0.003586769
0.003641129
0.003650427
0.003384590
0.003375769
0.003639936
0.003348827
0.003637314
0.003627062
0.003659964
0.003031731
0.003631830
0.002905846
0.002848625
0.003056765
0.003199339
0.003181696
0.003165960
0.003699541
0.003369570
0.003351450
0.003622293
0.003392935
0.003621817
0.003637791
0.003664732
0.004090548
0.003081560
0.002509117
0.002575636
0.003209114
0.003192663
0.002806902
0.002438545
0.003038168
0.003633022
0.003358841
0.003635406
0.003386736
0.003649473
0.003638506
0.003664732
0.003844023
0.003374100
0.003296614
0.002923012
0.003221273
0.003434896
0.003403664
0.003676176
0.003660440
0.003618717
0.003373623
0.003626823
0.003153324
0.003384113
0.003598213
0.003634453
0.006246090
0.003012896
0.003141403
0.003472090
0.003432751
0.003404140
0.003381252
0.003381968
0.003643751
0.003635883
0.003374815
0.003635883
0.003346920
0.003644466
0.003393173
0.003650665
0.005171776
0.003419161
0.002861500
0.002570152
0.003018141
0.003384352
0.003594637
0.003623486
0.003334761
0.003610134
0.003316402
0.003566742
0.003402472
0.003597975
0.003594160
0.003565550
0.003612518
0.002978563
0.002357006
0.003026247
0.003605604
0.003599167
0.003356218
0.003565073
0.003590584
0.003597021
0.003310442
0.003577232
0.003307581
0.003585339
0.003607273
0.003598452
0.006567001
0.003407478
0.003087759
0.002485275
0.002557039
0.003365040
0.003582716
0.003602743
0.003608942
0.003592968
0.003331184
0.003586769
0.003339529
0.003612518
0.003599167
0.003593206
0.007234573
0.003234386
0.002699614
0.002591133
0.003388882
0.003615379
0.003603697
0.003323793
0.003589392
0.003556013
0.003100395
0.003564835
0.003351688
0.003314018
0.003568172
0.003553867
0.004737377
0.002964020
0.002496481
0.002457619
0.003187656
0.002854824
0.002330542
0.002712250
0.003143072
0.002845526
0.002314568
0.002810478
0.003361464
0.003612041
0.003605843
0.003616095
0.003363132
0.003462791
0.003056765
0.002814293
0.002890110
0.003119230
0.003126860
0.003341436
0.003570557
0.003720045
0.003398657
0.003682613
0.004121065
0.002906799
0.002453566
0.003000498
0.005541325
0.003214359
0.003281832
0.003197432
0.002691746
0.002459526
0.003155231
0.003607035
0.003592968
0.003574371
0.003338099
0.003595829
0.003320456
0.003596544
0.003330469
0.003616571
0.003391266
0.005737066
0.002573729
0.003192186
0.002883673
0.002474785
0.002832651
0.003544569
0.003572702
0.003312826
0.003290415
0.003554583
0.003323078
0.003558874
0.003567457
0.003549337
0.003453493
0.003284216
0.002877951
0.002344370
0.002845049
0.003383636
0.003350496
0.003370285
0.003396034
0.003376484
0.003328323
0.003347635
0.003342628
0.003351450
0.003339052
0.003361940
0.006923199
0.003349066
0.003352880
0.003471851
0.003429651
0.003225803
0.002971649
0.002474546
0.002601385
0.003194094
0.003352880
0.003435612
0.003041029
0.003529310
0.003394365
0.003378868
0.003298044
0.002757072
0.002991438
0.003412724
0.003618002
0.003369808
0.003368378
0.003374100
0.003368855
0.003191471
0.003175974
0.003559828
0.003190517
0.003368378
0.003401518
0.003378153
0.003688335
0.003349304
0.002883911
0.002396822
0.002771378
0.003671408
0.003047943
0.003356457
0.003375053
0.003364086
0.003339291
0.003346682
0.003190279
0.003372431
0.003205776
0.002846956
0.003811598
0.003458023
0.003151894
0.003248453
0.003369331
0.003198862
0.003345013
0.003364563
0.002855778
0.002527952
0.002820253
0.003351927
0.003049612
0.003301382
0.003512859
0.003577709
0.004197121
0.003561735
0.003364801
0.003035069
0.002737522
0.002625942
0.002971411
0.003237009
0.003360987
0.003365278
0.003168583
0.003338575
0.003195763
0.003353357
0.003306389
0.003581762
0.005536556
0.002748966
0.002211332
0.002592802
0.002717972
0.002319574
0.002953053
0.003195047
0.002900124
0.002350807
0.002651453
0.003337622
0.003154516
0.003561497
0.003198862
0.003356457
0.003738642
0.003545761
0.003089190
0.003265858
0.003372908
0.003590584
0.003360271
0.003196955
0.003162861
0.003330231
0.003176451
0.003347158
0.003199816
0.003598928
0.003350973
0.003358126
0.003860712
0.007382631
0.002945185
0.003118753
0.002786875
0.002469778
0.002715349
0.003154993
0.003553391
0.003321886
0.003179312
0.003324270
0.003182650
0.003349066
0.003318310
0.003570795
0.003646374
0.003272057
0.002807140
0.002507925
0.002969027
0.003175020
0.003310680
0.003555059
0.003310204
0.003341675
0.003142834
0.003544331
0.003195286
0.003345490
0.003330469
0.003351688
0.006789207
0.003267288
0.003039122
0.002592802
0.002495050
0.003044128
0.003350258
0.003553867
0.003340483
0.003554821
0.003131390
0.003384113
0.003250837
0.003259897
0.003196716
0.003563881
0.004682302
0.006648540
0.002931833
0.002425671
0.002793312
0.003376484
0.002951622
0.003353596
0.003360033
0.003575087
0.003174305
0.003565550
0.003059387
0.003568411
0.003193617
0.003359556
0.003034830
0.002751350
0.003249168
0.003432512
0.003192425
0.002539635
0.002657413
0.003326416
0.003599167
0.003609419
0.003328085
0.003578663
0.003353834
0.003598213
0.003596306
0.003608465
0.004127026
0.003883123
0.003276587
0.003392696
0.003408194
0.003047705
0.002570391
0.002557278
0.003357649
0.003603458
0.003351927
0.003593922
0.003360271
0.003548384
0.003568649
0.003619671
0.005481482
0.002538443
0.002333879
0.002918959
0.002414465
0.002572298
0.003139496
0.003025055
0.002566099
0.002655983
0.003109455
0.003582478
0.003346920
0.003605604
0.003606796
0.003613472
0.003546715
0.002202988
0.002846956
0.002968788
0.002384901
0.002749443
0.003357172
0.003336668
0.003155470
0.002533913
0.002566099
0.003340721
0.003176451
0.003371477
0.003622770
0.003627777
0.005464077
0.002392530
0.002792358
0.003215313
0.002769947
0.002486706
0.002965927
0.003592253
0.003583670
0.003577232
0.003361464
0.003602266
0.003164053
0.003602743
0.003561020
0.003625870
0.005631685
0.003341436
0.002735138
0.002634287
0.003392458
0.003605366
0.003368855
0.003356695
0.003614664
0.003561974
0.003371716
0.003610134
0.003351450
0.003610849
0.003606796
0.003579378
0.006479502
0.002506495
0.002772093
0.003469706
0.003669977
0.003648520
0.003627539
0.003034353
0.003630638
0.003628731
0.003374577
0.003620386
0.003177881
0.003610611
0.003629684
0.003621101
