0.000004530
0.003169537
0.002705574
0.002187252
0.001866579
0.002530575
0.002269268
0.003512383
0.003499269
0.003492594
0.003613949
0.003414869
0.003190517
0.002806902
0.002606630
0.003036737
0.003715754
0.003908634
0.003350973
0.003504753
0.003749132
0.003659010
0.003780842
0.003458261
0.003692627
0.004128933
0.003443718
0.003658533
0.003415346
0.003674984
0.003425598
0.003693104
0.002568722
0.003799915
0.003299236
0.002649069
0.002680063
0.003484726
0.003684759
0.003697872
0.003670692
0.003669262
0.003249407
0.003658772
0.003406763
0.003656864
0.003394365
0.003414631
0.003503799
0.002928257
0.002636909
0.003524542
0.003448248
0.003695965
0.003721476
0.003666878
0.003443480
0.003668070
0.003403902
0.003649712
0.003435373
0.007632017
0.002772808
0.003439426
0.003509283
0.003488302
0.003134489
0.003324509
0.003461838
0.003694057
0.003403425
0.003671169
0.003657341
0.003656387
0.003655434
0.003646851
0.003213644
0.003649950
0.003634691
0.003688812
0.004381895
0.003201246
0.002550840
0.002687931
0.003451586
0.003690958
0.003657103
0.003641844
0.003668070
0.003665924
0.003424406
0.003643036
0.003434896
0.003672123
0.003656387
0.003416061
0.004715204
0.003417492
0.002820253
0.002732277
0.003489971
0.003609657
0.002882957
0.002959251
0.003051519
0.003050804
0.002797365
0.003039598
0.002860069
0.002908468
0.003049850
0.003043890
0.006703138
0.003193855
0.002662182
0.002559900
0.003401756
0.003675461
0.003659248
0.003680229
0.003639221
0.003660202
0.003195763
0.003657818
0.003350735
0.003546000
0.003818274
0.003496647
0.003503323
0.002933502
0.002862930
0.003096581
0.003212929
0.003440142
0.003432512
0.003406286
0.003415108
0.003390551
0.003161907
0.003401995
0.003159285
0.003412485
0.003637075
0.003631830
0.003591299
0.003552914
0.003091097
0.002521038
0.002931118
0.003677368
0.003414154
0.003639936
0.003650665
0.003392935
0.003375530
0.003587961
0.003164053
0.003630638
0.003628731
0.003644228
0.003364801
0.003881454
0.003268480
0.003261566
0.002681971
0.002536297
0.003222942
0.003703117
0.003643513
0.003392458
0.003372669
0.003629684
0.003186226
0.003643036
0.003617048
0.003633738
0.004650354
0.006593943
0.003039360
0.002864838
0.002489090
0.003229856
0.003654718
0.003624678
0.003376007
0.003614664
0.003376722
0.003623962
0.003414869
0.003645658
0.003652096
0.003651857
0.003460407
0.003890753
0.003337145
0.003716707
0.003681421
0.003628492
0.003654242
0.003388643
0.003637314
0.003628969
0.003391266
0.003653765
0.003386497
0.003640652
0.003382921
0.003641844
0.003875017
0.003878355
0.003320932
0.003713131
0.003664255
0.003699780
0.003414154
0.003419876
0.003655434
0.003662109
0.003379107
0.003624201
0.003405571
0.003638744
0.003644228
0.003624439
0.003880978
0.004809380
0.003062248
0.003263235
0.003215313
0.003422976
0.003184080
0.003411055
0.003631592
0.003825188
0.003170729
0.003608227
0.003375292
0.003637075
0.003512383
0.003482103
0.004320145
0.003616095
0.003391981
0.003489494
0.003223896
0.002662897
0.002614260
0.003202915
0.003669500
0.003686905
0.003370285
0.003619432
0.003405094
0.003633976
0.003643036
0.003631592
0.006993532
0.003195524
0.002614737
0.002789021
0.003461599
0.003686190
0.003653765
0.003386259
0.003635406
0.003641605
0.003607273
0.003617525
0.003422022
0.003644228
0.003629208
0.003635406
0.007147551
0.003200769
0.003189087
0.002675533
0.002540827
0.003371000
0.003385544
0.003420830
0.003637791
0.003646612
0.003351450
0.003631115
0.003404140
0.003656864
0.003639221
0.003638268
0.004184008
0.003914595
0.003333092
0.003732920
0.003456593
0.003675938
0.003408909
0.003660440
0.003643990
0.003646374
0.003415823
0.003655672
0.003395319
0.003390789
0.003407240
0.003615141
0.003061533
0.002722502
0.003351212
0.003468513
0.003455639
0.003141642
0.002618313
0.002682924
0.003366947
0.003638268
0.003366470
0.003661156
0.003299713
0.003667831
0.003616333
0.003650665
0.007292271
0.003087282
0.002673149
0.003061771
0.003419876
0.003641844
0.003649950
0.003397465
0.003633022
0.003645897
0.003396273
0.003634930
0.003358603
0.003604889
0.003641844
0.003674269
0.003512621
0.003902912
0.003318548
0.003701448
0.003689289
0.003691912
0.003676414
0.003682375
0.003635168
0.003657341
0.003403187
0.003745794
0.003257036
0.003563166
0.003458977
0.003742456
0.003064871
0.002802134
0.003349304
0.003504038
0.003236055
0.002736092
0.002731562
0.002577782
0.003422976
0.003420591
0.003174067
0.002915621
0.002496243
0.002687454
0.003647566
0.003642559
0.009696722
0.003526449
0.003320217
0.003099680
0.002413273
0.002864599
0.003648281
0.003603220
0.003608942
0.003633499
0.003361940
0.003612518
0.003184557
0.003393650
0.003399849
0.003658772
0.006456375
0.002654314
0.003193617
0.003479242
0.003398180
0.003093481
0.002643108
0.002590179
0.003414392
0.003637791
0.003398180
0.003398418
0.003377676
0.003631830
0.003634930
0.003660679
0.003368139
0.007095575
0.003020287
0.002525091
0.003170729
0.003239632
0.003647327
0.003650904
0.003664494
0.003648996
0.003021002
0.003161907
0.002885580
0.002906322
0.003028154
0.003031015
0.004640579
0.003329039
0.003206968
0.003482580
0.003726482
0.003661156
0.003656149
0.003651142
0.003410816
0.003733635
0.003401995
0.003633976
0.003216505
0.003681660
0.003444195
0.003691435
0.006457806
0.002650261
0.002650023
0.003266335
0.003201962
0.002599239
0.002524376
0.003379107
0.003630877
0.003371239
0.003389835
0.003624678
0.003159523
0.003626347
0.003653765
0.003405094
0.003510475
0.003030062
0.003051996
0.003246069
0.003461361
0.003701925
0.003663540
0.003392220
0.003410578
0.003534794
0.003452063
0.003753185
0.003289461
0.003453970
0.003676176
0.003658772
0.008411169
0.003093958
0.002655983
0.002996445
0.003489256
0.003698349
0.003669739
0.003425837
0.003666878
0.003659248
0.003418446
0.003630638
0.003171921
0.003432989
0.003404856
0.003645420
0.003130674
0.002944946
0.003114462
0.003684282
0.003676414
0.003675461
0.003667593
0.003386974
0.003634453
0.003648043
0.003389835
0.003018618
0.003359079
0.003662586
0.003623962
0.003654003
0.010644674
0.003470421
0.003335238
0.003268003
0.002775431
0.002562046
0.003444910
0.003641844
0.003639221
0.003401995
0.003387451
0.003629446
0.003375292
0.003642082
0.003639460
0.003642797
0.003492117
0.003288031
0.003343582
0.003712416
0.003708839
0.003791094
0.003660440
0.003617525
0.003575087
0.003420591
0.003416777
0.003617287
0.003412962
0.003648281
0.003638506
0.003641844
0.010662556
0.002980947
0.003391743
0.003485203
0.003408432
0.003152609
0.002432346
0.002788305
0.003391266
0.003636360
0.003374577
0.003613234
0.003396749
0.003640890
0.003626108
0.003632069
0.003662586
0.003669024
0.003251076
0.003306866
0.003268242
0.003393888
0.003393412
0.003377438
0.003381252
0.003403187
0.003227472
0.003377676
0.003094912
0.003403664
0.003386497
0.003641605
0.003715038
0.003013849
0.003141880
0.007097721
0.002654552
0.003107309
0.003340006
0.003309250
0.003901005
0.003236294
0.003110170
0.003240347
0.003077984
0.003417015
0.003510952
0.003265142
0.004900694
0.003637552
0.003359795
0.003462553
0.003683805
0.003461599
0.003424168
0.003226280
0.003394127
0.003440857
0.003233910
0.003391504
0.003281116
0.003512621
0.003368378
0.003357410
0.009861946
0.004660845
0.002757072
0.003873110
0.003264189
0.003428221
0.003370523
0.003378391
0.003385305
0.003400564
0.003234386
0.003379822
0.003655910
0.003223419
0.003410339
0.003420830
0.004730701
0.003620863
0.003175974
0.002610207
0.002834320
0.003433466
0.003639698
0.003638983
0.003638983
0.003651142
0.003402233
0.003654003
0.003416061
0.003656149
0.003652334
0.003650665
0.009855270
0.003621817
0.002725363
0.003506660
0.003685951
0.003677130
0.003408909
0.004354000
0.003442526
0.003649235
0.003394604
0.003654003
0.003409147
0.003674269
0.003412247
0.003665686
0.002982140
0.002880573
0.003164768
0.003077984
0.002519369
0.002851248
0.003658295
0.003671646
0.003442287
0.003652096
0.003422022
0.003624916
0.003244638
0.003663540
0.003654957
0.003141642
0.003391504
0.002827406
0.002810478
0.003124952
0.003467798
0.003422976
0.003446579
0.003634930
0.003669977
0.003382444
0.003403902
0.003666401
0.003421545
0.003418684
0.003417015
0.003656387
0.003134251
0.003115177
0.002676249
0.003264904
0.003326654
0.003571987
0.003517866
0.003518105
0.003748417
0.003450632
0.002891541
0.003232479
0.003031731
0.003207445
0.003197193
0.003650665
0.003454447
0.003880262
0.003354549
0.003729343
0.003734589
0.003717184
0.003430605
0.003420115
0.003664494
0.003657341
0.003419161
0.003603458
0.003377199
0.003662825
0.003639936
0.003404379
0.006300688
0.002670288
0.002957344
0.003328562
0.003272533
0.002689838
0.002539158
0.003215075
0.003433228
0.003693581
0.003417015
0.003654718
0.003409624
0.003651142
0.003670454
0.003434181
0.003460884
0.003201008
0.003061295
0.003264427
0.003495216
0.003656149
0.003437281
0.003413916
0.003402948
0.003694534
0.003398180
0.003648043
0.003423214
0.003659964
0.003680229
0.003656626
0.004153490
0.003143549
0.002504110
0.002893925
0.003449440
0.003442287
0.003136396
0.002636909
0.002618551
0.003207684
0.003408670
0.003618002
0.003387928
0.003652096
0.003657341
0.003658056
0.002873659
0.002434254
0.002738953
0.002358913
0.003241062
0.003684998
0.003667593
0.003694534
0.003643274
0.003654242
0.003182173
0.003647327
0.003193140
0.003648996
0.003666162
0.003672123
0.003581285
0.003105879
0.002493382
0.002942562
0.003461838
0.003468275
0.003430605
0.003223896
0.002604961
0.006592989
0.002612114
0.002540588
0.003210306
0.003676891
0.003650665
0.003436089
0.003011465
0.003876448
0.003279209
0.003000498
0.002969027
0.002827883
0.002977610
0.003285408
0.003264189
0.003342152
0.003119946
0.003227711
0.003113270
0.003427267
0.003406286
0.003431797
0.003585577
0.002955198
0.002631664
0.003737688
0.003203630
0.003072977
0.003035784
0.003039598
0.003041267
0.003001928
0.002902031
0.003156662
0.002779484
0.002592802
0.002686977
0.003455400
0.003489017
0.004050016
0.003396273
0.003714085
0.003713608
0.003681898
0.003432035
0.003663301
0.003629684
0.003653765
0.003404379
0.003652096
0.003217459
0.003652811
0.003652811
0.003686190
0.003414392
0.003046751
0.002726793
0.003115654
0.003217220
0.003450871
0.003679514
0.003428936
0.003652096
0.003673315
0.003383160
0.003672361
0.003180742
0.003638268
0.003654718
0.003675222
0.003496647
0.002982378
0.003156900
0.003765345
0.003708363
0.003711224
0.003457069
0.003451347
0.003662586
0.003663301
0.003417253
0.003642559
0.003208160
0.003657579
0.003657579
0.003655672
0.002998829
0.003020048
0.003300190
0.003254652
0.002757072
0.002499580
0.003204584
0.003633022
0.003650665
0.003667831
0.003371954
0.003611803
0.003151655
0.003654957
0.003632784
0.003394842
0.004909039
0.003442287
0.002894640
0.002414942
0.003055573
0.003680468
0.003643990
0.003633976
0.003655195
0.003643274
0.003390074
0.003625870
0.003357887
0.003609180
0.003625154
0.003660917
0.007718801
0.004160166
0.003743649
0.003082514
0.002458572
0.002774715
0.003671646
0.003655195
0.003654718
0.003455162
0.003407955
0.003762722
0.003284216
0.003425121
0.003695488
0.004103661
0.003495693
0.003076077
0.002559185
0.003107309
0.003699541
0.003666639
0.003693104
0.003387690
0.003672123
0.003399134
0.003380775
0.003641367
0.003393173
0.003652334
0.003649235
0.003628016
0.003355742
0.002399683
0.002613068
0.002742052
0.002465010
0.003252506
0.003686905
0.003692389
0.003657579
0.003672838
0.003376245
0.003677130
0.003417730
0.003660202
0.003672123
0.003691435
0.003554106
0.003009319
0.003224134
0.003500223
0.003710270
0.003420591
0.003678322
0.003700256
0.003679037
0.003673553
0.003417492
0.003657341
0.003403187
0.003672361
0.003662825
0.003669500
0.002985001
0.008593321
0.003168344
0.002773046
0.002648592
0.003252745
0.003404617
0.004063368
0.003201008
0.003674746
0.003620148
0.003655672
0.003432989
0.003679752
0.003416777
0.003418684
0.003758669
0.003329277
0.002760649
0.002784252
0.003434420
0.003468275
0.003684759
0.003659487
0.003665209
0.003411293
0.003414392
0.003668070
0.003385544
0.003666639
0.003666401
0.003708601
0.008848667
0.002997637
0.003030062
0.002585649
0.002650738
0.003418684
0.003660917
0.003675699
0.003661394
0.003646851
0.004024744
0.003682613
0.003443003
0.003408432
0.003424406
0.003684044
0.003101826
0.003941774
0.003376484
0.003528595
0.003700256
0.003701925
0.003678560
0.003804445
0.003508568
0.003798008
0.003357649
0.003754616
0.003473997
0.003703594
0.003704548
0.003707409
0.004201174
0.002988338
0.002762079
0.003147125
0.003452539
0.003687859
0.003653765
0.003389359
0.003668785
0.003437757
0.003418922
0.003430367
0.003431559
0.003648520
0.003689289
0.003489733
0.006245375
0.003486156
0.003325462
0.003281593
0.002786398
0.002612829
0.003196955
0.003407478
0.003673077
0.003681183
0.003398180
0.003644943
0.003180742
0.003669739
0.003669500
0.003392458
0.003524065
0.003976822
0.003352642
0.003262043
0.002652168
0.002625942
0.003216743
0.003679514
0.003648520
0.003669262
0.003192902
0.003654718
0.003411293
0.003409386
0.003667355
0.003673792
0.006372452
0.004109859
0.002772093
0.002709866
0.002848625
0.003447056
0.003684282
0.003681660
0.004416466
0.003427982
0.003403425
0.003661633
0.003401995
0.003658533
0.003650904
0.003672123
0.005541325
0.003467321
0.003185511
0.002645731
0.002662182
0.003421783
0.003682613
0.003656387
0.003705978
0.003683090
0.003411293
0.003663301
0.003417015
0.003655434
0.003670216
0.003665924
0.003044844
0.003058434
0.003054142
0.002360582
0.002857208
0.003431320
0.003454685
0.003213644
0.003600121
0.003316879
0.002775192
0.002596617
0.003213406
0.003673077
0.003656387
0.003671646
0.003709793
0.003217220
0.002451181
0.002773046
0.003255129
0.003203630
0.002660990
0.002691746
0.003422260
0.003429890
0.003386497
0.003807783
0.003268957
0.003807068
0.003531218
0.003766060
0.004675865
0.003287792
0.003349543
0.003293514
0.002772331
0.002557755
0.003231764
0.003703833
0.003660917
0.003420353
0.003381014
0.003648996
0.006659031
0.003549337
0.002382517
0.002831459
0.003075838
0.003186703
0.002540112
0.005734921
0.002732992
0.003927708
0.004053593
0.003818035
0.002829075
0.002511978
0.003048897
0.003690720
0.003199339
0.003675461
0.003417492
0.003654957
0.002889633
0.002560616
0.002685308
0.002419949
0.003223658
0.003232479
0.002676010
0.002500296
0.003213406
0.003652334
0.003386021
0.003658295
0.003425598
0.003431320
0.003678083
0.003676414
0.003373623
0.003927469
0.003198624
0.003313065
0.003285646
0.003231525
0.003449917
0.003432274
0.003446579
0.003663540
0.003409863
0.003398895
0.003416538
0.003695726
0.003655910
0.003706217
0.004034519
0.003264189
0.002737761
0.002568483
0.003200054
0.003667355
0.003631830
0.003659248
0.003635406
0.003646135
0.003144026
0.003623962
0.003139496
0.003644705
0.003596544
0.003636837
0.004164934
0.003513575
0.002949476
0.002881289
0.003057003
0.003200769
0.003230333
0.003399611
0.003382206
0.003374338
0.003331184
0.003635168
0.003398657
0.003632545
0.003644705
0.003637314
0.004189968
0.003657103
0.002971649
0.003238916
0.003220558
0.003400326
0.003393888
0.003398895
0.003414631
0.003399372
0.003149271
0.003372192
0.003174305
0.003383636
0.003670216
0.003471375
0.003484488
0.003861427
0.003508091
0.003436327
0.003154278
0.002690554
0.002587795
0.003178358
0.003411770
0.003414631
0.003384829
0.003645658
0.003180027
0.003628492
0.003638506
0.003673553
0.004027367
0.003113985
0.002787352
0.003020763
0.003304958
0.003216982
0.003190279
0.003392935
0.003399134
0.003663301
0.003398180
0.003393412
0.003185272
0.003661633
0.003675938
0.003665447
0.005171537
0.002658606
0.003809452
0.003267288
0.002969027
0.002360106
0.002933502
0.003640890
0.003627539
0.003658533
0.003371239
0.003621340
0.003388166
0.003652573
0.003651142
0.003671408
0.003478765
0.003030777
0.003227711
0.002932310
0.002747536
0.002998829
0.003163815
0.003418446
0.003620863
0.003659487
0.003385782
0.003615379
0.003374815
0.003618717
0.003391981
0.003411055
0.010618448
0.003867149
0.002994299
0.003515005
0.003426790
0.003204107
0.002628088
0.002672434
0.003407955
0.003440857
0.003362656
0.003645897
0.003393888
0.003678083
0.003404617
0.003652811
0.004014015
0.003283262
0.003511906
0.003724337
0.003672361
0.003684282
0.003434420
0.003664732
0.003664732
0.003396511
0.003397703
0.003639460
0.003383398
0.003644705
0.003389835
0.003632069
0.002827168
0.003918171
0.003344774
0.003270626
0.003254414
0.002825260
0.002486706
0.003011703
0.003676891
0.003636122
0.003380537
0.003632069
0.003190041
0.003391504
0.003407001
0.003785133
0.004327059
0.002958775
0.002399683
0.003137112
0.003658295
0.003649235
0.003648281
0.003638744
0.003660440
0.003643274
0.003396034
0.003378391
0.003176689
0.003663301
0.003659964
0.003665924
0.004662514
0.003505707
0.002939939
0.002418280
0.002995253
0.003486633
0.003472090
0.003237963
0.002763510
0.002577782
0.003130198
0.003465891
0.003475428
0.003730774
0.003452063
0.003684759
0.003618002
0.003242493
0.002665997
0.002661467
0.003309011
0.003282070
0.002817154
0.002558708
0.003248453
0.003424168
0.003477573
0.003448486
0.003452063
0.003716230
0.003456831
0.003694534
0.003741264
0.002387285
0.002777815
0.002894878
0.002433777
0.002968788
0.003434181
0.003451824
0.003222942
0.002837896
0.002491713
0.003086090
0.003229380
0.003707170
0.003700256
0.003689766
0.004543543
0.003054619
0.003336191
0.003783941
0.003748655
0.003734112
0.003469467
0.003460169
0.003713846
0.003808498
0.002960682
0.003470182
0.003472090
0.003695726
0.003708124
0.003480196
