0.000008583
0.004289389
0.004216194
0.004752398
0.003078461
0.011289597
0.002847672
0.004155874
0.004771471
0.003142357
0.003493786
0.003700495
0.003515482
0.003170013
0.003067732
0.003561020
0.003526211
0.003446341
0.003250837
0.005812168
0.003593206
0.008097410
0.003582716
0.003136873
0.003490925
0.003125191
0.010311842
0.004507780
0.003651381
0.004400253
0.003590584
0.002964973
0.005704641
0.007077456
0.009498119
0.007816792
0.004723072
0.003586054
0.003601551
0.003727198
0.004072428
0.004497766
0.003304958
0.003085852
0.003554106
0.005352497
0.003460407
0.003548384
0.003358603
0.003080368
0.003502369
0.003111601
0.003140688
0.003659248
0.003044844
0.003178835
0.010600328
0.002846003
0.003559828
0.003184319
0.002878666
0.003108263
0.004739761
0.002906561
0.003481627
0.003404856
0.003154516
0.005716801
0.003501177
0.004232168
0.003573656
0.004675150
0.003091097
0.002740383
0.003509521
0.003065586
0.003518343
0.004681110
0.003080368
0.003036737
0.003511667
0.003447771
0.003446579
0.003059149
0.003501892
0.004553556
0.003085375
0.004601717
0.003469706
0.002964973
