0.000007153
0.002125025
0.001715183
0.001705885
0.001788139
0.001870871
0.002256393
0.002342463
0.003489256
0.002888680
0.002177000
0.002765417
0.003386497
0.003665686
0.003652334
0.003702641
0.003030539
0.003298283
0.002638102
0.002646208
0.003463507
0.003674984
0.003411055
0.003673315
0.003673553
0.004099846
0.003409386
0.003680468
0.003397942
0.003656864
0.003634214
0.003651619
0.008937597
0.003242016
0.003280163
0.003316164
0.002944946
0.002398014
0.002769470
0.003409863
0.003420591
0.003498077
0.002735138
0.002635956
0.002919674
0.003678560
0.003419876
0.003422976
0.004676580
0.003427744
0.003139973
0.003533840
0.003437996
0.003468990
0.003408194
0.003376245
0.003664017
0.003654480
0.003381014
0.003649950
0.003389359
0.003626108
0.003367901
0.003617764
0.003864765
0.003502131
0.003056765
0.002572775
0.002952814
0.003415585
0.003670931
0.003414631
0.003649712
0.003657579
0.003203869
0.003665686
0.003227711
0.003670692
0.003667831
0.003403187
0.003481865
0.002934217
0.003010273
0.003495455
0.003675699
0.003394127
0.003662586
0.003665447
0.003422022
0.003659964
0.006976604
0.002677917
0.003016233
0.003390789
0.003664255
0.003697634
0.003065348
0.002793074
0.002223969
0.002736568
0.002830267
0.002439737
0.003022909
0.003659725
0.003649950
0.003636837
0.003377438
0.003623247
0.003393888
0.003646851
0.003656864
0.003637075
0.003102064
0.003337145
0.002916574
0.002755165
0.003065348
0.003396034
0.003452539
0.003417969
0.003406763
0.003404140
0.003377676
0.003665924
0.003189325
0.003664255
0.003668547
0.003656149
0.003415346
0.002689838
0.002794743
0.003428936
0.003657818
0.003648281
0.003679514
0.003384113
0.003611565
0.003629446
0.003368855
0.002756357
0.003169537
0.003627539
0.003620148
0.003370523
0.003065348
0.002844334
0.003264666
0.003457308
0.003209114
0.002629519
0.002531290
0.003416300
0.003650904
0.003657103
0.003354549
0.003356934
0.003153563
0.003618240
0.003366947
0.003626823
0.003978968
0.003223419
0.003200293
0.003509998
0.003428936
0.003444672
0.003555298
0.003684521
0.003602982
0.003603935
0.003606319
0.003625393
0.003143549
0.003588676
0.003603697
0.003599167
0.003142357
0.003136158
0.002549171
0.002632856
0.003185272
0.003173828
0.002646446
0.002575397
0.003353596
0.003581524
0.006255627
0.002732992
0.003005743
0.003627062
0.003640652
0.003601789
0.003515005
0.003145695
0.003256798
0.003247023
0.002733231
0.002595901
0.003177643
0.003597975
0.003601313
0.003614664
0.003344059
0.003592253
0.003151894
0.003618479
0.003613710
0.003621817
0.003569603
0.003036976
0.003283024
0.003459692
0.003439903
0.003186464
0.002621174
0.002517462
0.003386259
0.003681421
0.003257751
0.003326654
0.003386497
0.003625393
0.003623724
0.003624201
0.003466845
0.003865719
0.003327847
0.003240347
0.002767563
0.002544165
0.003159046
0.003377676
0.003631353
0.003592014
0.003365040
0.004076481
0.002584696
0.003349304
0.003177643
0.003177166
0.004508257
0.002908707
0.003271103
0.003679752
0.003607035
0.003660202
0.003376961
0.003631830
0.003359795
0.003623724
0.003377199
0.003606796
0.003369093
0.003611326
0.003643036
0.003680944
0.004766226
0.003404856
0.003365040
0.003235102
0.002689362
0.002641678
0.003163338
0.003623486
0.003351688
0.003608227
0.003348351
0.003371000
0.003378630
0.003641129
0.003632069
0.003638983
0.004799366
0.002597809
0.003020763
0.003797770
0.003495216
0.003770113
0.003482819
0.003667831
0.003642559
0.003647804
0.003160238
0.003625393
0.003205061
0.003648281
0.003368378
0.003632784
0.003489971
0.003045082
0.002439499
0.002955675
0.003659725
0.003647089
0.003622770
0.003618956
0.003364325
0.003632545
0.003157139
0.003604174
0.003166676
0.003629684
0.003634691
0.003649235
0.004534483
0.003268719
0.002933025
0.002710819
0.002936602
0.003416777
0.003446341
0.003396749
0.003657579
0.003613710
0.003142595
0.003602505
0.003153086
0.003615141
0.003618479
0.003381968
0.003021002
0.002893925
0.003273010
0.003677368
0.003215313
0.002737284
0.002431631
0.002996445
0.003219128
0.003650427
0.003356934
0.003595114
0.003321171
0.003597021
0.003616810
0.003627777
0.003799677
0.003881216
0.003136158
0.003447771
0.003664970
0.003392935
0.003386497
0.003655195
0.003663540
0.003383875
0.003617287
0.003627062
0.003148794
0.003631115
0.003609180
0.003607273
0.005871058
0.002951860
0.003274202
0.003428698
0.003402948
0.003176928
0.002596617
0.002600670
0.003388166
0.003628492
0.003128767
0.003623486
0.003156900
0.003629684
0.003600597
0.003621578
0.004055262
0.003137827
0.002506256
0.003086567
0.002910376
0.003360033
0.003356695
0.003146887
0.002548695
0.002711535
0.003186703
0.003633022
0.003360033
0.003379345
0.003425837
0.003623724
0.004721880
0.003293514
0.002876043
0.002565384
0.002907038
0.003394365
0.003407955
0.003709555
0.003488541
0.003779888
0.003277779
0.003399134
0.003395557
0.003630638
0.003626823
0.003631353
0.003001928
0.002915382
0.003291607
0.003260612
0.002617359
0.002583504
0.003172159
0.003068924
0.003019094
0.003020287
0.002894163
0.003035545
0.002752304
0.002768278
0.003197908
0.003386021
0.003499746
0.003593922
0.003131151
0.003440380
0.003746033
0.003363371
0.003343821
0.003627062
0.003628969
0.003619194
0.003295898
0.003589153
0.003376245
0.003624916
0.003623247
0.003632545
0.004050970
0.003866911
0.003300667
0.005818129
0.002919436
0.003406525
0.003643036
0.003628254
0.003648281
0.003350496
0.003344774
0.003620386
0.003173113
0.003592014
0.003629446
0.003632069
0.002820492
0.002709389
0.002821445
0.002467632
0.003017187
0.003649473
0.003616333
0.003638744
0.003593922
0.003615856
0.003343344
0.003622055
0.003380060
0.003732204
0.003362894
0.003622055
0.003442764
0.002718687
0.002707005
0.003438234
0.003666401
0.003595591
0.003595114
0.003614426
0.003621340
0.003635168
0.003398180
0.003667116
0.003370047
0.003394604
0.003369093
0.003611803
0.002768993
0.002825022
0.002860546
0.002243757
0.003030777
0.003380775
0.003166914
0.002626896
0.002568007
0.003170729
0.003339052
0.003614187
0.003355980
0.003659964
0.003398657
0.003391027
0.003819942
0.003904343
0.003496408
0.003652096
0.003655195
0.003650427
0.003647804
0.003410101
0.003624201
0.003664494
0.003394604
0.003365040
0.003341913
0.003715277
0.003491879
0.003480673
0.003026009
0.002507687
0.002706289
0.003199816
0.002804041
0.002347469
0.002885103
0.003349304
0.003369093
0.003112793
0.002714634
0.002529860
0.002853632
0.003365993
0.003340721
0.003534317
0.003493786
0.003615141
0.003139734
0.003422022
0.003645182
0.003616810
0.003390074
0.003605843
0.003380537
0.003633261
0.003371239
0.003638268
0.003165245
0.003675938
0.003383875
0.003673792
0.003751993
0.002960205
0.002616882
0.003259897
0.003659010
0.003424406
0.003427505
0.003644228
0.003632784
0.003645420
0.003346443
0.003013611
0.003139496
0.003603935
0.003365993
0.003354073
0.004144192
0.003458261
0.002969742
0.002717257
0.003083467
0.003181934
0.003355503
0.003620625
0.003628731
0.003363371
0.003350258
0.003626108
0.003386497
0.003646135
0.003028393
0.003139734
0.004106760
0.002931118
0.002908468
0.003084898
0.003428459
0.003417969
0.003408909
0.003337622
0.003637314
0.003381014
0.003338099
0.003600359
0.003143787
0.003643274
0.003631592
0.003364563
0.004257679
0.003451824
0.002864838
0.002496004
0.003021002
0.003643274
0.003425360
0.003382444
0.003638744
0.003625393
0.003348351
0.003618479
0.003394842
0.003608465
0.003590107
0.003620148
0.005873203
0.003075600
0.003147840
0.003694057
0.003614187
0.003644228
0.003634214
0.003364086
0.003583908
0.003612518
0.003151178
0.003590822
0.003135443
0.003615856
0.003607988
0.003624678
0.004424572
0.003467083
0.003291368
0.003672600
0.003662586
0.003662348
0.003413200
0.003398180
0.003622293
0.003350258
0.003360271
0.003626823
0.003375292
0.003636599
0.003627777
0.003623486
0.004599094
0.003206968
0.003695726
0.003046989
0.002511024
0.002680302
0.003396749
0.003381252
0.003358364
0.003121614
0.002656460
0.002480984
0.002880573
0.003611088
0.003350496
0.003640652
0.003019810
0.003918409
0.003503084
0.003685951
0.003675461
0.003417492
0.003376961
0.003624678
0.003612995
0.003370523
0.003355265
0.003613472
0.003382444
0.003658056
0.003619671
0.003622055
0.003473282
0.003321886
0.002856255
0.002423763
0.003070116
0.003671646
0.003647327
0.003847361
0.003650904
0.003665924
0.003171682
0.003337383
0.003372669
0.003659964
0.003642082
0.003656149
0.003486633
0.002909184
0.002694607
0.003133535
0.003429174
0.003393650
0.003364563
0.003345490
0.003630877
0.003612518
0.003363848
0.003616810
0.003155708
0.003611326
0.003357410
0.003377914
0.003473997
0.002532005
0.003017426
0.003248930
0.002922297
0.002389431
0.002771854
0.003430605
0.003384829
0.003161430
0.002708435
0.002577066
0.003004074
0.003646612
0.003365040
0.003638268
0.004527092
0.002840996
0.002109289
0.002034664
0.001999855
0.001932621
0.001885414
0.001893759
0.001869917
0.001819372
0.001772642
0.001563787
0.001859903
0.001726627
0.001750708
0.001754999
0.003177643
0.002688885
0.002243519
0.001942158
0.001890421
0.001906872
0.001850367
0.001843214
0.001854897
0.001844168
0.001861572
0.001604080
0.001723766
0.001766443
0.001733303
0.001720667
0.003534555
0.002871513
0.002254486
0.002002716
0.001949787
0.001958132
0.001893520
0.001864433
0.001828909
0.001856327
0.001819849
0.001580715
0.001764774
0.001805782
0.001754045
0.001713991
0.003117561
0.002424002
0.001995087
0.001907349
0.001899481
0.001861572
0.001858950
0.001812935
0.001784801
0.001743793
0.001771688
0.001575232
0.001849174
0.001757145
0.001709938
0.001707554
0.003494263
0.003046751
0.002397060
0.002048254
0.001969814
0.003239155
0.001860380
0.001814604
0.001819372
0.001821756
0.001824617
0.001516104
0.001786232
0.001730442
0.001745462
0.001783133
0.003271103
0.003046751
0.002326012
0.002018452
0.001951933
0.001889706
0.001875639
0.001863003
0.001872540
0.001846790
0.001809835
0.001539707
0.001802921
0.001774788
0.001751661
0.001755953
0.003094196
0.002998352
0.002378702
0.002038956
0.001938820
0.001923561
0.001883507
0.001890898
0.001850128
0.001826763
0.001822948
0.001507521
0.001807690
0.001732111
0.001756191
0.001718521
0.003153563
0.002790689
0.002217531
0.002033472
0.002004623
0.001964569
0.001918077
0.001816750
0.001815319
0.001864195
0.001849890
0.001537323
0.001785278
0.001865149
0.001795292
0.001716852
0.004658222
0.002866507
0.002084255
0.001972914
0.001926661
0.001889944
0.001868248
0.001837254
0.001825333
0.001895666
0.001833200
0.001515150
0.001792908
0.001755953
0.001744270
0.001739740
0.004482508
0.002912521
0.002128124
0.002023935
0.001971483
0.001917362
0.001903772
0.001849890
0.001873970
0.001828909
0.001849413
0.001588583
0.001784325
0.001845598
0.001734734
0.001726151
0.004114866
0.002786636
0.002211094
0.001984119
0.001942158
0.001898289
0.001868486
0.001877785
0.001836061
0.001866817
0.001801014
0.001570940
0.001840115
0.001788855
0.001745701
0.001798868
0.003191710
0.002787113
0.002300978
0.002011776
0.002050400
0.001922607
0.001922131
0.001881599
0.001864672
0.001851559
0.001861095
0.001565218
0.001774549
0.001782417
0.001740217
0.001710892
0.004188538
0.002681971
0.002168179
0.001975775
0.001935005
0.001925945
0.001855135
0.001852512
0.001857758
0.001850843
0.001775265
0.001554251
0.001786947
0.001763105
0.001742125
0.001718998
0.004638433
0.002704859
0.002121687
0.002034903
0.001977921
0.001966715
0.001912594
0.001890182
0.001871347
0.001890659
0.001812935
0.001538992
0.001787663
0.001745939
0.001768112
0.001743078
0.003576994
0.002803802
0.002204180
0.002005339
0.001967669
0.001922369
0.001865387
0.001871109
0.001852512
0.001870871
0.001832485
0.001560450
0.001864672
0.001757145
0.001732588
0.001725435
0.003828764
0.003061533
0.002303123
0.002044916
0.001961231
0.001918316
0.001919270
0.001863956
0.001846313
0.001827240
0.001815796
0.001526594
0.001845360
0.001722097
0.001736879
0.001756430
0.003105402
0.002535343
0.002106905
0.001950264
0.001878262
0.001891613
0.001870871
0.001847029
0.001857519
0.001895189
0.001778603
0.001554966
0.001768351
0.001766205
0.001737833
0.001709938
0.002871275
0.002284050
0.002000093
0.001961231
0.001909256
0.001863241
0.001851559
0.001811743
0.001875162
0.001824617
0.001796484
0.001484156
0.001797676
0.001744270
0.001729250
0.001682758
0.003097057
0.002973318
0.002296925
0.002043486
0.001987696
0.001946926
0.001893282
0.001864672
0.001825094
0.001819611
0.001821995
0.001576424
0.001736641
0.001764774
0.001777411
0.001744509
0.003842592
0.002926588
0.002289772
0.002004862
0.001931667
0.001932383
0.001872301
0.001840591
0.001943111
0.001878262
0.001852036
0.001570702
0.001804829
0.001761198
0.001761198
0.001762152
0.003528118
0.002467632
0.002063036
0.002012968
0.001951933
0.001888514
0.001853466
0.001848221
0.001851559
0.001863480
0.001796246
0.001584530
0.001795292
0.001800299
0.001729250
0.001760960
0.003695250
0.003112316
0.002286196
0.002060413
0.001903296
0.001879692
0.001880407
0.001820564
0.001879692
0.001844406
0.001811028
0.001550436
0.001810789
0.001718521
0.001751423
0.001748323
0.004731894
0.002745152
0.002078295
0.002027750
0.001952171
0.001920223
0.001853704
0.001778841
0.001855850
0.001848221
0.001803160
0.001521826
0.001779318
0.001763344
0.001750231
0.001729727
0.004770517
0.002779245
0.002029419
0.002022743
0.002015352
0.001953125
0.001910210
0.001888990
0.001880169
0.001823187
0.001780987
0.001508236
0.001776457
0.001723051
0.001766443
0.001764774
0.003125429
0.002760410
0.002283335
0.002029181
0.001966000
0.001981974
0.001895189
0.001896620
0.001879454
0.001879215
0.001879215
0.001576185
0.001768589
0.001749039
0.001747131
0.001714230
0.007264614
0.002693415
0.002380371
0.002233267
0.001934290
0.001920700
0.001842499
0.001866817
0.001830578
0.001821756
0.001784563
0.001510143
0.001782894
0.001765013
0.001752138
0.001729250
0.004790068
0.003506899
0.003031254
0.002434731
0.003113508
0.003689766
0.003699303
0.003708363
0.003683090
0.003420830
0.003182888
0.003669739
0.003237486
0.003395319
0.003650427
0.003680706
0.003591537
0.003131866
0.002492905
0.002942324
0.003491640
0.003687143
0.003652573
0.003708124
0.003679514
0.003686666
0.003215075
0.003449678
0.003444195
0.003674030
0.003498793
0.003711939
0.003618956
0.003252506
0.002590418
0.002653360
0.003493309
0.003762722
0.003669977
0.003723383
0.003714323
0.003424883
0.003230572
0.003682613
0.003230810
0.003420830
0.003686428
0.003670454
0.003565788
0.002995253
0.002681732
0.003751993
0.002889872
0.003042936
0.003278732
0.004037857
0.003244162
0.003314495
0.003408670
0.003497124
0.003255129
0.003700495
0.003696918
0.003427982
0.003431320
0.003390312
0.002864361
0.002498388
0.003108978
0.003698587
0.003670692
0.003423452
0.003694057
0.003672361
0.003184319
0.003398657
0.003402233
0.003432751
0.003684282
0.003663778
0.003573895
0.002999067
0.002968311
0.003145218
0.003278971
0.003244638
0.003245592
0.003424406
0.003688812
0.003443956
0.003416300
0.003678322
0.003221989
0.003675938
0.003425360
0.003693342
0.003114223
0.002955437
0.003191471
0.003306866
0.003285408
0.002600193
0.002602100
0.003285408
0.003276348
0.002748966
0.002434969
0.003122807
0.003411293
0.003679276
0.003440619
0.003704071
0.003117800
0.002571344
0.003042936
0.003443718
0.003418684
0.003398895
0.003166437
0.002678871
0.002629519
0.003188848
0.003641129
0.003615618
0.003388166
0.003656149
0.003373384
0.003666639
0.003037691
0.002648592
0.002239227
0.002944231
0.002498388
0.002588034
0.003393173
0.003636599
0.003652096
0.003624201
0.003621817
0.003609419
0.003104925
0.002820730
0.003169298
0.003652334
0.003469229
0.002943754
0.003346443
0.003544569
0.003459215
0.003173828
0.002677917
0.002592564
0.003190756
0.003649712
0.003343105
0.003608465
0.003380537
0.003619432
0.003596306
0.003380537
0.003503799
0.003871918
0.003168821
0.003429174
0.003407001
0.003411055
0.003373861
0.003389597
0.003650188
0.003684998
0.003368855
0.003644705
0.003177166
0.003626823
0.003777027
0.003494501
0.004286766
0.003240585
0.002547264
0.002518892
0.003207922
0.003662586
0.003417492
0.003397226
0.003645420
0.003639460
0.003360033
0.003393650
0.003173113
0.003651857
0.003612280
0.003643036
0.003484964
0.003686190
0.003016949
0.003207684
0.003189564
0.003188610
0.003377676
0.003421545
0.003401041
0.003413916
0.003379345
0.003616571
0.003172874
0.003599405
0.003382683
0.003615618
0.003544807
0.003701448
0.003156662
0.003429890
0.003431082
0.003376484
0.003366232
0.003381729
0.003637552
0.003594398
0.003358364
0.003367901
0.003171206
0.003350973
0.003607988
0.003605366
0.005756140
0.003454685
0.003348112
0.003208876
0.002700090
0.002519369
0.003036261
0.003619671
0.003629208
0.003414631
0.003378391
0.003618717
0.003401995
0.003398657
0.003427029
0.003410339
0.004255295
0.003439188
0.003331661
0.003699303
0.003694773
0.003637075
0.003393412
0.003375769
0.003629208
0.003632784
0.003371954
0.003401518
0.003405333
0.003618956
0.003651619
0.003394604
0.004690170
0.003492594
0.003185749
0.002570868
0.002583027
0.003447294
0.003409147
0.003651857
0.003643274
0.003390551
0.003373861
0.003591776
0.003364801
0.003642082
0.003401518
0.003645897
0.003466606
0.003937006
0.003539801
0.003701925
0.003684044
0.003405333
0.003380299
0.003394365
0.003438234
0.003637791
0.003376722
0.003372908
0.003172636
0.003631592
0.003641844
0.003613234
0.004719734
0.003526688
0.003349781
0.003273010
0.003067017
0.002536535
0.002735615
0.003440857
0.003693819
0.003671885
0.003425360
0.003623009
0.003421545
0.003672838
0.003401041
0.003685236
