0.000008345
0.003885031
0.003231049
0.003909111
0.003693104
0.003692627
0.006001949
0.003260851
0.004686594
0.002993107
0.003418207
0.003484011
0.003209114
0.003528595
0.003046513
0.009440184
0.006884813
0.003050804
0.004601002
0.004801273
0.004542589
0.003129721
0.003466606
0.004259109
0.002992392
0.003593922
0.004691362
0.003090382
0.003455162
0.004472256
0.003079891
0.003028631
0.005288124
0.003334522
0.004745245
0.003040314
0.004405260
0.004041433
0.003578663
0.003371000
0.003021240
0.007905722
0.003085136
0.003434420
0.004722834
0.009231567
0.005176544
0.007179737
0.003633022
0.009911776
0.007507324
0.004124880
0.003474474
0.004511118
0.003368616
0.003060341
0.005258799
0.003077030
0.003534317
0.003068686
0.003799200
0.003083706
0.004734993
0.003489971
0.003079891
0.004702330
0.004719496
0.004782915
0.003552198
0.003741026
0.004066467
0.003158808
0.004231453
0.003579140
0.003761053
0.003153086
0.003610373
0.004774570
0.003576517
0.003466606
0.002892971
0.005092382
0.003551722
0.003547668
0.003540993
0.003100872
0.003543854
0.004165649
0.003109455
0.002891541
