0.000007868
0.004394054
0.003563881
0.003518343
0.003230810
0.010249376
0.003788471
0.004688978
0.007400513
0.005194426
0.004730940
0.003500462
0.003528118
0.003062487
0.005169630
0.002753735
0.003502131
0.004717350
0.003039360
0.003036976
0.008463621
0.003618717
0.009181499
0.005017281
0.003111601
0.003580093
0.003095150
0.005311728
0.007009745
0.005001545
0.003110886
0.004727125
0.003584385
0.006443262
0.006163359
0.002871990
0.005873203
0.003608704
0.003715992
0.003551722
0.004230261
0.005001545
0.002800226
0.003243685
0.003182650
0.006053686
0.004672766
0.003608465
0.002948284
0.009234428
0.003748178
0.004099369
0.003525257
0.003563881
0.003139734
0.007764578
0.006696939
0.009052515
0.003028393
0.006898165
0.004755974
0.003623009
0.004540920
0.002894878
0.007966995
0.003602505
0.003599882
0.003153801
0.003199339
0.003653049
0.003576040
0.003625870
0.003697872
0.003548861
0.004741907
0.007234335
0.004795074
0.006536484
0.003593922
0.010329247
0.005787373
0.007958889
0.003945589
0.002895832
0.003571510
0.003162384
0.002842426
0.003839970
0.004762888
0.004807472
