0.000007868
0.003092766
0.009083748
0.009470940
0.006129742
0.003515482
0.003372431
0.003274202
0.003514528
0.003451109
0.003478527
0.003451824
0.003057957
0.003067255
0.003021955
0.003534555
0.004650354
0.003314972
0.007220984
0.003555298
0.003009081
0.002821207
0.003112555
0.003547430
0.002836704
0.004804134
0.006599188
0.004687548
0.004186153
0.003064394
0.005565643
0.003553391
0.007799625
0.003616333
0.004730940
0.003510237
0.004466772
0.003106356
0.004616261
0.005344629
0.004029036
0.005206585
0.003125191
0.003116608
0.009369135
0.004276991
0.003149986
0.003537178
0.007583857
0.004544973
0.005520582
0.003094673
0.006081820
0.004541159
0.006175518
0.004697561
0.002836227
0.010077477
0.003822803
0.009194374
0.008053541
0.004974604
0.003794909
0.003580332
0.003107786
0.003677130
0.003713846
0.002807140
0.003564835
0.003085852
0.003085136
0.004748344
0.006834269
0.003445864
0.003278255
0.006739378
0.007533073
0.009351492
0.005352497
0.003260374
0.004817724
0.004492283
0.003584862
0.003745079
0.003585577
0.006527662
0.003515720
0.004723787
0.003259182
0.003165007
