0.000006437
0.004674673
0.002635241
0.001904011
0.002365828
0.002759218
0.003877163
0.003254175
0.002835751
0.002459288
0.002906084
0.003685951
0.003224850
0.003718853
0.003715515
0.003712416
0.002964497
0.002668619
0.002625942
0.002527475
0.003294945
0.002981901
0.002232313
0.002661228
0.003473997
0.003908396
0.003057241
0.002645254
0.002575874
0.003398418
0.003670692
0.003644705
0.007193327
0.003210783
0.002573729
0.002642393
0.002813578
0.003521204
0.003829479
0.003732204
0.003750086
0.003684282
0.003691435
0.003675938
0.003440857
0.003682613
0.003679514
0.003670931
0.007395029
0.003185511
0.002969742
0.002360344
0.002985954
0.003487110
0.003147840
0.002809763
0.002731085
0.003249884
0.003437519
0.003678322
0.003474236
0.003675938
0.003674030
0.003675461
0.004742861
0.003013134
0.002348661
0.001968861
0.001907110
0.001904488
0.001851082
0.001860142
0.001808167
0.001804590
0.001802921
0.001579523
0.001774311
0.001745939
0.001730919
0.001690626
0.004766703
0.002540588
0.002114296
0.001992464
0.001946211
0.001930952
0.001869202
0.001822472
0.001808167
0.001783848
0.001757383
0.001485109
0.001826048
0.001842976
0.001769066
0.001706362
0.003728628
0.002615929
0.002093077
0.001918077
0.001946449
0.001971722
0.001901627
0.001838684
0.001819134
0.001829863
0.001840115
0.001499176
0.001766682
0.001762152
0.001765966
0.001685858
0.006607294
0.002851725
0.001998425
0.001935244
0.002159595
0.001919746
0.001894712
0.001843929
0.001801491
0.001793385
0.001786709
0.001521349
0.001777172
0.001719475
0.001720190
0.001723051
0.003500223
0.002685308
0.002143145
0.001953363
0.001897335
0.001892090
0.001881123
0.001842022
0.001787186
0.001753092
0.001811028
0.001533031
0.001713991
0.001769304
0.001775265
0.001728058
0.003534555
0.002580404
0.002129078
0.001934767
0.001892328
0.001888275
0.001828194
0.001787424
0.001817465
0.001834393
0.001807451
0.001567602
0.001765251
0.001711130
0.001720667
0.001693487
0.003949642
0.002928734
0.002273321
0.002070904
0.002012730
0.001931429
0.001865387
0.001883745
0.001882792
0.001801729
0.001770973
0.001970291
0.001723528
0.001917601
0.001827478
0.001671314
0.003574848
0.002722025
0.002122641
0.001999140
0.001842022
0.001843452
0.001887560
0.001837492
0.001796007
0.001780272
0.001771212
0.001486063
0.001811743
0.001733780
0.001700640
0.001714945
0.004693031
0.003078699
0.002555847
0.003093004
0.002579212
0.002659082
0.003434658
0.003665447
0.003689766
0.003679037
0.003397703
0.003641605
0.003415823
0.003675461
0.003668308
0.003674269
0.002888918
0.003958464
0.003377914
0.003245831
0.002672434
0.002643347
0.003255844
0.003674746
0.003667831
0.003693581
0.003428221
0.003687143
0.003437996
0.003670692
0.003642082
0.003636837
0.007170200
0.003090382
0.003195763
0.002747536
0.002581835
0.003505707
0.003777504
0.003692627
0.003687620
0.003681421
0.003384352
0.003653526
0.003400564
0.003655434
0.003647327
0.003653288
0.006843090
0.003302813
0.003391743
0.003757238
0.003737926
0.003700018
0.003715515
0.003651381
0.003679514
0.003672123
0.003407717
0.003666401
0.003208399
0.003659964
0.003646612
0.003638029
0.004151821
0.003092051
0.003210545
0.003720522
0.003695250
0.003701687
0.003676176
0.003429890
0.003720760
0.003677845
0.003420115
0.003690481
0.003420591
0.003679276
0.003677845
0.003676653
0.004080772
0.003140688
0.002452612
0.003008366
0.003476381
0.003479004
0.003182888
0.002543688
0.003255129
0.003122807
0.003082037
0.003169537
0.002835989
0.002937317
0.003226042
0.003223181
0.009327412
0.003363371
0.003392935
0.003476858
0.003306866
0.002636909
0.002634048
0.003443480
0.003412008
0.003689766
0.003643513
0.003665447
0.003401995
0.003683090
0.003669739
0.003660917
0.005775452
0.002418995
0.002685547
0.002722740
0.002464771
0.003483057
0.003733397
0.003658056
0.003691435
0.003693819
0.003407001
0.003687143
0.003467083
0.003704786
0.003677368
0.003677368
0.007723808
0.003958702
0.002543449
0.002864838
0.003443241
0.003424883
0.003167152
0.002598524
0.002708435
0.003430367
0.003703117
0.003668547
0.003218651
0.003686190
0.003667116
0.003695965
0.003205061
0.003962040
0.003368378
0.003753185
0.003741503
0.003690243
0.003711700
0.003695965
0.003697157
0.003673792
0.003397703
0.003670454
0.003405094
0.003672600
0.003642797
0.003654003
0.003058434
0.002567053
0.002608299
0.003126860
0.002596378
0.002652407
0.002973318
0.003250360
0.003432989
0.003670692
0.003410578
0.003672361
0.003422260
0.003663301
0.003675222
0.003696918
0.003601313
0.003244877
0.002686024
0.002763987
0.003486872
0.003708124
0.003694534
0.003743410
0.003776312
0.003726006
0.003487110
0.003690720
0.003511190
0.003734827
0.003481627
0.003727913
0.003135443
0.003753424
0.003189802
0.002882004
0.003210068
0.003270149
0.003255606
0.003314495
0.007822990
0.003148794
0.003266096
0.003690004
0.002689362
0.003133297
0.003286839
0.003448486
0.003512859
0.003151417
0.002716780
0.003090382
0.003522635
0.003750324
0.003730536
0.003462315
0.003723145
0.003716707
0.003470659
0.003684521
0.003414631
0.003697395
0.003703833
0.003472090
0.004621029
0.003552914
0.003400326
0.003787756
0.003761292
0.003501654
0.003488302
0.003684759
0.003686666
0.003693342
0.003462076
0.003698349
0.003506422
0.003700256
0.003693819
0.003704548
0.003552914
0.003269196
0.003204346
0.003822803
0.003761053
0.003763199
0.003489733
0.003490210
0.003712893
0.003498793
0.003444195
0.003745317
0.003493071
0.003734350
0.003734589
0.003762484
0.002897739
0.003867388
0.003301859
0.002790928
0.002768755
0.003280163
0.003329992
0.003470182
0.003674984
0.003735542
0.003517151
0.003731012
0.003333092
0.003740788
0.003716707
0.003751516
0.007749796
0.003063679
0.003279924
0.003618717
0.003843307
0.003551960
0.003524065
0.003770590
0.003769636
0.003759146
0.003488302
0.003758192
0.003467321
0.003732204
0.003473043
0.003463030
0.004780531
0.003859997
0.003257990
0.003541470
0.003775358
0.003504753
0.003681421
0.003707170
0.003719330
0.003706217
0.003440380
0.003704071
0.003243685
0.003760576
0.003735304
0.003726959
0.003139734
0.003984451
0.003601074
0.003819942
0.003791571
0.003733158
0.003479004
0.003742218
0.003712893
0.003451824
0.003474712
0.003709555
0.003499031
0.003733635
0.003756762
0.003746510
0.004761696
0.002351522
0.002635956
0.002381802
0.002668142
0.003229856
0.002910137
0.002414942
0.002922058
0.003403187
0.003146172
0.002843618
0.002434731
0.003036499
0.003651857
0.003677607
0.003426790
0.003120184
0.003326416
0.003492594
0.003151894
0.002877474
0.002452135
0.003058195
0.003664732
0.003639936
0.003616810
0.003635406
0.003375769
0.003635645
0.003375292
0.003208876
0.003473520
0.003679276
0.003355503
0.003719807
0.003703833
0.003051758
0.003428221
0.003420830
0.003686190
0.003651381
0.003387690
0.003647566
0.003391981
0.003652334
0.003678799
0.003637075
0.003488064
0.003137112
0.002552271
0.002895594
0.003433943
0.003438950
0.003190994
0.002661943
0.002689362
0.003369331
0.003358126
0.003645658
0.003390789
0.003656387
0.003623009
0.003625631
0.003527880
0.002972126
0.002932549
0.003290892
0.003250837
0.003231764
0.003224611
0.003425360
0.003638029
0.003659248
0.003616095
0.003634691
0.003409863
0.003640413
0.003651381
0.003653765
0.003571033
0.003207922
0.002482653
0.002985001
0.003449917
0.003426790
0.003186703
0.002656221
0.002691746
0.003273726
0.003331900
0.003735065
0.003466606
0.003667355
0.003641844
0.003677368
0.002911091
0.002599955
0.003052235
0.002820492
0.002644539
0.003501892
0.003744841
0.003724337
0.003715038
0.003737926
0.003425360
0.003716230
0.003479004
0.003705740
0.003737926
0.003688097
0.005455256
0.002595663
0.003154516
0.003398657
0.002908230
0.002637386
0.003268242
0.003468752
0.003715038
0.003736973
0.003446817
0.003692389
0.003448725
0.003690720
0.003688812
0.003719091
0.005645990
0.003487587
0.003022432
0.002415657
0.003018379
0.003492594
0.003490925
0.003149033
0.002712250
0.002682924
0.002637386
0.003457308
0.003402233
0.003674984
0.003720760
0.003776550
0.007295370
0.003020287
0.002612114
0.003310680
0.003267527
0.002804518
0.002936602
0.002932310
0.003678322
0.004459858
0.003242970
0.003450871
0.003229618
0.002938032
0.002414942
0.002948999
0.004210472
0.003724337
0.003115654
0.003183603
0.003324986
0.003484011
0.003694296
0.003608942
0.003705263
0.003732920
0.003511667
0.003747702
0.003466845
0.003315210
0.003728390
0.003719807
0.005707502
0.003398418
0.003085852
0.003102541
0.003188610
0.003316879
0.003310680
0.003499985
0.003734112
0.003456116
0.004899740
0.003064394
0.002765417
0.003051519
0.003244162
0.003469467
0.004094124
0.003706694
0.003302097
0.003358364
0.003780127
0.003752232
0.003493309
0.003518820
0.003721714
0.003714800
0.003452778
0.003728151
0.003486872
0.003705740
0.003450394
0.003726959
0.003687620
0.003346205
0.002861261
0.002809286
0.003143072
0.003300667
0.003574610
0.003529549
0.003730297
0.003752947
0.003460407
0.003685474
0.003412724
0.003725290
0.003444672
0.003722429
0.003596544
0.003771067
0.003274441
0.003561258
0.003541231
0.003461599
0.003703594
0.003453970
0.003669024
0.004306316
0.002550125
0.003474236
0.002979517
0.003114939
0.003127813
0.003114462
0.007411242
0.002843380
0.002622366
0.003389835
0.003796816
0.003754854
0.003523350
0.003748655
0.003780842
0.003509998
0.003483295
0.003714323
0.003472328
0.003478289
0.003266573
0.002788305
0.009644747
0.003559828
0.003105640
0.002523661
0.002919912
0.003504276
0.003446579
0.003274441
0.002886057
0.002579212
0.003265381
0.003478765
0.003491640
0.003666878
0.003728867
0.003678799
0.004208565
0.003214836
0.002738714
0.002731562
0.003532171
0.003756046
0.003485680
0.003778219
0.003736496
0.003717184
0.003466606
0.003719330
0.003460884
0.003714085
0.003742456
0.003757715
0.004197359
0.003723621
0.003400803
0.003526211
0.003737450
0.003002644
0.003448725
0.003717899
0.003752708
0.003714323
0.003468037
0.003769398
0.003390551
0.003803015
0.003898382
0.003592014
0.004177332
0.003701687
0.003234625
0.003537893
0.003526926
0.003709555
0.003709316
0.003454447
0.003724337
0.003719568
0.003456354
0.003726006
0.003731489
0.003727674
0.003745556
0.003496170
0.007318258
0.004027843
0.002794266
0.002375364
0.002879858
0.003487587
0.003462791
0.003242016
0.002711058
0.002568960
0.003073215
0.003693819
0.003260136
0.003698349
0.003705502
0.003717422
0.003110886
0.002750158
0.003115654
0.003335238
0.002979040
0.002675533
0.003155470
0.003507614
0.003739357
0.003732443
0.003432512
0.003718138
0.003249407
0.003705978
0.003686190
0.003709793
0.007389307
0.003146410
0.002929449
0.002441168
0.003207684
0.003269911
0.002875090
0.002491713
0.003247023
0.003689528
0.003450155
0.003735542
0.003462076
0.003710747
0.003712177
0.003731966
0.009621143
0.002823591
0.003129959
0.003338337
0.003227711
0.002952099
0.002475262
0.002696514
0.003407478
0.003425360
0.003206968
0.002910614
0.002465248
0.002965927
0.003651142
0.003695250
0.003546476
0.003125906
0.002447605
0.002903700
0.003470659
0.003455162
0.003169537
0.002642870
0.002632380
0.003422499
0.003659248
0.003686190
0.003432035
0.003637314
0.003659248
0.003684521
0.003733397
0.003938437
0.003395319
0.003563881
0.003501415
0.003723621
0.003448248
0.003441572
0.003687620
0.003695965
0.003407240
0.003669024
0.003421783
0.003678083
0.003708363
0.003674984
0.003115892
0.003514290
0.002918005
0.002914906
0.003251553
0.003438711
0.003244638
0.003479719
0.003481865
0.003454447
0.003442526
0.003705502
0.003451824
0.003685713
0.003669977
0.003664494
0.007924795
0.003490925
0.003061771
0.002423048
0.003011703
0.003483295
0.003473997
0.003175497
0.002625227
0.002638578
0.003215790
0.003672361
0.003398895
0.003706694
0.003683090
0.003682375
0.007233858
0.003255129
0.002723217
0.002593279
0.003475904
0.003684759
0.003433228
0.003715515
0.003664732
0.003667355
0.003426313
0.003714085
0.003252506
0.003712177
0.003669500
0.003673315
0.005235434
0.003361225
0.003091812
0.003296375
0.003491402
0.003696918
0.003690243
0.003433466
0.003676176
0.003428459
0.003432751
0.003672600
0.003191233
0.003680468
0.003640175
0.003682613
0.004151583
0.003162622
0.002911806
0.003098726
0.003272057
0.003293991
0.003245592
0.003720045
0.003406286
0.003673792
0.003403664
0.003642559
0.003437996
0.003650188
0.003664732
0.003669500
0.004064798
0.002977610
0.003131866
0.003307343
0.003474951
0.003713846
0.003705502
0.003680468
0.003675461
0.003663778
0.003398657
0.003855944
0.003355265
0.003853321
0.003513336
0.003737926
0.003487349
0.003225088
0.002836704
0.003006935
0.003458500
0.003420591
0.003425598
0.003433704
0.003643751
0.003641129
0.003371954
0.003649473
0.003401279
0.003650427
0.003661394
0.003410578
0.002801895
0.002624512
0.003554583
0.003137350
0.003104925
0.003220081
0.003048658
0.003238916
0.003210783
0.003255844
0.003058195
0.003124952
0.002979040
0.003067732
0.003073215
0.003069401
0.003390074
0.003062963
0.003158808
0.003677607
0.003358841
0.003605604
0.003361225
0.003624678
0.003585339
0.003597498
0.003595114
0.003615856
0.003369093
0.003562927
0.003602505
0.003632307
0.006793499
0.003177881
0.003108740
0.002598286
0.002599001
0.003635168
0.003659964
0.003347635
0.003655434
0.003624916
0.003599167
0.003621578
0.003359556
0.003607035
0.003617048
0.003625154
0.003503561
0.003188372
0.002746820
0.002859592
0.003214598
0.003415346
0.003386021
0.003387451
0.003424883
0.003636837
0.003362656
0.003622532
0.003331900
0.003615618
0.003625631
0.003612280
0.004631519
0.003543854
0.002889633
0.002411366
0.003244877
0.003637075
0.003620148
0.003617525
0.003631353
0.003379583
0.003152609
0.002585649
0.002563477
0.003412008
0.003592968
0.003624678
0.002439499
0.008461952
0.003007412
0.003157139
0.003224373
0.002523899
0.003180265
0.004353285
0.003397226
0.003617287
0.003607512
0.003597260
0.003377199
0.003598690
0.003624678
0.003637314
0.003468513
0.003218174
0.003279924
0.003632545
0.003662825
0.003638506
0.003693342
0.003595829
0.003655910
0.003685236
0.003646135
0.003630638
0.003403425
0.003659010
0.003643751
0.003653049
0.004029036
0.003077745
0.002591372
0.003117085
0.003754377
0.003694057
0.003647566
0.003659248
0.003643036
0.003640413
0.003367424
0.003618240
0.003354549
0.003633738
0.003645897
0.003650427
0.005613327
0.003153324
0.003195047
0.003309965
0.003710270
0.003660202
0.003400803
0.003659248
0.003628016
0.003621578
0.003456116
0.003613949
0.003378391
0.003653049
0.003392935
0.003645182
0.003013372
0.002609253
0.003155470
0.003670931
0.003673792
0.003638744
0.003664017
0.003608465
0.003604889
0.003641605
0.003331423
0.003610611
0.003359556
0.003589153
0.003607273
0.003593922
0.002862215
0.003479004
0.003350496
0.002988338
0.002431393
0.002922058
0.003617764
0.003650188
0.003660440
0.003642082
0.003377914
0.003638983
0.003420591
0.003630400
0.003623247
0.003655434
0.006287098
0.002608061
0.002854347
0.003294468
0.003204107
0.002644777
0.002528906
0.003424644
0.003645658
0.003659964
0.003384113
0.003656626
0.003424168
0.003626585
0.003624201
0.003688335
0.003101826
0.005307674
0.002477646
0.003277063
0.003684044
0.003653288
0.003644943
0.003615141
0.003649473
0.003710747
0.003366470
0.003625631
0.003355503
0.003602266
0.003607750
0.003637791
0.003365755
0.002978086
0.002618074
0.003155708
0.003697634
0.003647089
0.003637075
0.003389597
0.003591299
0.003639698
0.003381252
0.003664494
0.003629684
0.003652573
0.003631353
0.003634214
0.003499508
0.003158331
0.002432823
0.002853632
0.003256083
0.003009558
0.002446175
0.002797365
0.003417492
0.003417015
0.003153324
0.002892494
0.002315521
0.003191471
0.003629684
0.003632069
0.003484011
0.003194332
0.003377676
0.003494024
0.003270626
0.002731323
0.002629042
0.003160477
0.003661633
0.003635406
0.003402948
0.003662825
0.003360748
0.003593922
0.003604174
0.003637075
0.006518126
0.003205776
0.003048658
0.002393961
0.002950668
0.003661633
0.003665447
0.003648520
0.003661156
0.003405571
0.003396034
0.003626823
0.003400564
0.003655672
0.003629923
0.003625870
0.003542185
0.003107786
0.002441168
0.002838612
0.003469467
0.003428459
0.003107786
0.002558947
0.002661228
0.003428936
0.003429413
0.003646612
0.003364563
0.003622055
0.003617525
0.003633261
0.009244919
0.002976894
0.002650738
0.003257036
0.003723145
0.003469944
0.003690481
0.003422260
0.003649235
0.003634453
0.003607035
0.003010273
0.003335476
0.003622055
0.003632784
0.003611565
0.004521847
0.003499031
0.002893925
0.002619267
0.003228426
0.003408670
0.003430367
0.003658772
0.003643274
0.003636360
0.003362417
0.003637552
0.003360033
0.003664970
0.003640652
0.003647327
0.005636692
0.003418207
0.003095865
0.002954721
0.002861738
0.003247976
0.003419876
0.003398418
0.003670931
0.003644228
0.003350258
0.003665924
0.003372669
0.003602266
0.003605604
0.003610134
0.008680344
0.002739906
0.002618790
0.003277063
0.003240108
0.002822161
0.002558231
0.003192425
0.003643036
0.003386736
0.003622055
0.003631353
0.003393650
0.003400564
0.003376245
0.003658295
0.005398512
0.003188610
0.002894402
0.002906799
0.003099203
0.003219128
0.003192425
0.003427505
0.003692389
0.003642082
0.003388643
0.003616571
0.003439903
0.003651142
0.003630638
0.003621817
0.010566711
0.003453255
0.003348112
0.003298044
0.002851486
0.002538204
0.003020525
0.003625631
0.003647804
0.003385067
0.003361702
0.003644943
0.003623724
0.003611326
0.003638983
0.003619909
0.004607677
0.003417969
0.003317833
0.003031969
0.002554178
0.002833843
0.003677607
0.003657579
0.003647566
0.003635168
0.003379822
0.003641129
0.003357887
0.003624439
0.003735542
0.003728867
