0.000003099
0.003377438
0.002878189
0.004358768
0.004651308
0.002958298
0.003330231
0.003404379
0.002974033
0.003677607
0.003397942
0.003285885
0.003316879
0.002996206
0.007852316
0.002956390
0.009341240
0.002890110
0.003440619
0.003895998
0.007222176
0.003301859
0.002631426
0.003363609
0.003331184
0.003480196
0.003386021
0.006472349
0.003299713
0.002987146
0.009382725
0.004469633
0.003266335
0.006178856
0.003468990
0.004179478
0.006743670
0.003550768
0.003334761
0.003248930
0.004960537
0.006446600
0.002645731
0.003041029
0.003395796
0.004516363
0.003238201
0.004143476
0.002973080
0.002956629
0.003378868
0.004008770
0.003083944
0.002977133
0.003316164
0.003000021
0.002637386
0.004018545
0.003864288
0.009334087
0.004378557
0.004620552
0.002644062
0.002926111
0.003394127
0.002955198
0.003318071
0.003022671
0.006164789
0.009469032
0.002693892
0.002975702
0.006354809
0.010149479
0.004740000
0.004529476
0.002603769
0.003351212
0.003354549
0.002930641
0.004484892
0.003331184
0.003325462
0.002996445
0.002732754
0.003295183
0.003324270
0.003379107
0.005703926
0.003340960
