0.000014305
0.003797293
0.003832102
0.003556252
0.005990505
0.003205776
0.004810572
0.003182888
0.003617525
0.003189325
0.003600359
0.003811598
0.004887819
0.004011154
0.004887342
0.003658295
0.003559351
0.005964518
0.002903938
0.003236055
0.004738569
0.003720999
0.004039288
0.003200769
0.002714396
0.002673149
0.003428698
0.002953529
0.003013372
0.002905369
0.003414631
0.003021955
0.003031731
0.003183842
0.003407478
0.005681038
0.003366709
0.003003597
0.003370285
0.003005028
0.002742529
0.004189014
0.003440619
0.002732992
0.003400803
0.003073692
0.003362894
0.004568815
0.002963305
0.007097483
0.003002882
0.003392696
0.003473282
0.003447771
0.006309271
0.003474951
0.003710747
0.002740860
0.002789497
0.003456593
0.003432035
0.004088879
0.003480911
0.006424427
0.003345728
0.002994776
0.003204823
0.003161430
0.003045797
0.003492117
0.003430605
0.004643202
0.004578829
0.003391266
0.002970695
0.003400326
0.003029346
0.004582644
0.002941132
0.003776312
0.003382921
0.003381729
0.004681349
0.003057480
0.004628658
0.003046274
0.003084898
0.003023863
0.003053904
0.004133463
