0.000005245
0.003477097
0.004830599
0.002943039
0.002773046
0.004323006
0.003325701
0.003944397
0.003718853
0.004209042
0.002836704
0.002828836
0.004701376
0.003506184
0.002897263
0.004529715
0.003384113
0.004482508
0.002907991
0.002714157
0.004160166
0.002874136
0.002820969
0.002755165
0.003969431
0.004173040
0.003770828
0.002997875
0.003541708
0.005766869
0.004770041
0.003514767
0.003953457
0.003068447
0.002856970
0.004700899
0.003641367
0.003515244
0.003714085
0.004133940
0.003795624
0.004817009
0.003172636
0.003797531
0.004769564
0.003207922
0.004698992
0.005901098
0.002951860
0.003584146
0.004821062
0.003988743
0.004047394
0.003197432
0.002926826
0.003601551
0.003170729
0.003170252
0.004803419
0.003257275
0.004909992
0.003949642
0.004894495
0.004894733
0.003209591
0.004595518
0.002939224
0.003209352
0.003184080
0.003559828
0.003623247
0.003132343
0.004563808
0.003550053
0.002879858
0.003849268
0.003143072
0.003582478
0.003191948
0.004240751
0.003678322
0.003189802
0.003982782
0.003608465
0.002902508
0.003601074
0.003556490
0.003497362
0.003543377
0.004711390
